
Gem Systems GSM-19W 3101329 v6.0 24 X 2003 
ID 1 file 20270510.wm  08 VII10

121922.5  047.9263153  015.8613895  48269.63 99
121923.0  047.9263153  015.8613895  48265.98 99
121923.5  047.9263136  015.8614036  48262.61 99
121924.0  047.9263136  015.8614036  48263.40 99
121924.5  047.9263106  015.8614160  48260.15 99
121925.0  047.9263106  015.8614160  48261.10 99
121925.5  047.9263098  015.8614266  48258.95 99
121926.0  047.9263098  015.8614266  48259.53 99
121926.5  047.9263098  015.8614386  48260.75 99
121927.0  047.9263098  015.8614386  48260.36 99
121927.5  047.9263089  015.8614501  48261.59 99
121928.0  047.9263089  015.8614501  48261.32 99
121928.5  047.9263072  015.8614625  48261.89 99
121929.0  047.9263072  015.8614625  48264.17 99
121929.5  047.9263072  015.8614727  48266.19 99
121930.0  047.9263072  015.8614727  48267.00 99
121930.5  047.9263055  015.8614847  48266.68 99
121931.0  047.9263055  015.8614847  48265.34 99
121931.5  047.9263029  015.8614962  48264.70 99
121932.0  047.9263029  015.8614962  48262.93 99
121932.5  047.9263012  015.8615082  48260.28 99
121933.0  047.9263012  015.8615082  48258.65 99
121933.5  047.9262995  015.8615201  48254.92 99
121934.0  047.9262995  015.8615201  48256.69 99
121934.5  047.9262987  015.8615321  48258.32 99
121935.0  047.9262987  015.8615321  48259.81 99
121935.5  047.9262978  015.8615445  48268.30 99
121936.0  047.9262978  015.8615445  48274.48 99
121936.5  047.9262957  015.8615560  48281.13 99
121937.0  047.9262957  015.8615560  48287.51 99
121937.5  047.9262944  015.8615701  48285.27 99
121938.0  047.9262944  015.8615701  48287.02 99
122035.5  047.9263469  015.8618672  48287.39 99
122036.0  047.9263469  015.8618672  48287.14 99
122036.5  047.9263584  015.8618668  48287.11 99
122037.0  047.9263584  015.8618668  48290.94 99
122037.5  047.9263700  015.8618655  48289.51 99
122038.0  047.9263700  015.8618655  48295.08 99
122039.5  047.9263913  015.8618574  48292.35 99
122040.0  047.9263913  015.8618574  48293.27 99
122040.5  047.9264024  015.8618539  48294.53 99
122041.0  047.9264024  015.8618539  48296.56 99
122041.5  047.9264161  015.8618505  48290.40 99
122042.0  047.9264161  015.8618505  48282.55 99
122042.5  047.9264276  015.8618471  48285.47 99
122043.0  047.9264276  015.8618471  48281.68 99
122043.5  047.9264370  015.8618411  48285.00 99
122044.0  047.9264370  015.8618411  48277.46 99
122044.5  047.9264468  015.8618394  48272.34 99
122045.0  047.9264468  015.8618394  48263.58 99
122046.5  047.9264694  015.8618352  48158.24 99
122047.0  047.9264694  015.8618352  48030.18 99
122047.5  047.9264771  015.8618283  47842.29 99
122048.0  047.9264771  015.8618283  48172.76 89
122048.5  047.9264861  015.8618215  48862.41 39
122049.0  047.9264861  015.8618215  48939.77 59
122049.5  047.9264946  015.8618189  48342.51 99
122050.0  047.9264946  015.8618189  48267.44 99
122050.5  047.9265040  015.8618224  48268.54 99
122051.0  047.9265040  015.8618224  48273.51 99
122051.5  047.9265155  015.8618253  48275.49 99
122052.0  047.9265155  015.8618253  48280.96 99
122052.5  047.9265279  015.8618236  48280.43 99
122053.0  047.9265279  015.8618236  48285.69 99
122053.5  047.9265386  015.8618249  48281.88 99
122054.0  047.9265386  015.8618249  48288.63 99
122054.5  047.9265497  015.8618224  48284.64 99
122055.0  047.9265497  015.8618224  48292.40 99
122055.5  047.9265599  015.8618219  48289.46 99
122056.0  047.9265599  015.8618219  48290.49 99
122057.5  047.9265838  015.8618168  48293.66 99
122058.0  047.9265838  015.8618168  48289.59 99
122058.5  047.9265954  015.8618134  48292.59 99
122059.0  047.9265954  015.8618134  48290.67 99
122059.5  047.9266086  015.8618108  48292.29 99
122100.0  047.9266086  015.8618108  48290.50 99
122100.5  047.9266184  015.8618070  48287.85 99
122101.0  047.9266184  015.8618070  48290.32 99
122101.5  047.9266308  015.8618031  48286.79 99
122102.0  047.9266308  015.8618031  48292.93 99
122102.5  047.9266419  015.8617976  48289.11 99
122103.0  047.9266419  015.8617976  48295.46 99
122103.5  047.9266530  015.8617933  48290.96 99
122104.0  047.9266530  015.8617933  48295.80 99
122105.5  047.9266782  015.8617874  48296.46 99
122106.0  047.9266782  015.8617874  48293.97 99
122106.5  047.9266901  015.8617848  48296.32 99
122107.0  047.9266901  015.8617848  48291.07 99
122107.5  047.9267029  015.8617818  48295.52 99
122108.0  047.9267029  015.8617818  48292.12 99
122108.5  047.9267157  015.8617788  48294.76 99
122109.0  047.9267157  015.8617788  48295.33 99
122109.5  047.9267273  015.8617792  48294.17 99
122110.0  047.9267273  015.8617792  48297.64 99
122110.5  047.9267401  015.8617805  48293.76 99
122111.0  047.9267401  015.8617805  48297.35 99
122111.5  047.9267524  015.8617801  48293.31 99
122112.0  047.9267524  015.8617801  48295.86 99
122113.5  047.9267768  015.8617780  48294.84 99
122114.0  047.9267768  015.8617780  48290.42 99
122114.5  047.9267913  015.8617784  48295.49 99
122115.0  047.9267913  015.8617784  48291.58 99
122115.5  047.9268032  015.8617763  48297.16 99
122116.0  047.9268032  015.8617763  48293.39 99
122116.5  047.9268152  015.8617741  48297.28 99
122117.0  047.9268152  015.8617741  48295.42 99
122117.5  047.9268276  015.8617716  48296.15 99
122118.0  047.9268276  015.8617716  48299.00 99
122118.5  047.9268395  015.8617669  48297.64 99
122119.0  047.9268395  015.8617669  48300.89 99
122120.5  047.9268634  015.8617617  48296.69 99
122121.0  047.9268634  015.8617617  48296.28 99
122121.5  047.9268767  015.8617605  48298.35 99
122122.0  047.9268767  015.8617605  48295.27 99
122122.5  047.9268895  015.8617587  48299.12 99
122123.0  047.9268895  015.8617587  48293.02 99
122123.5  047.9269027  015.8617592  48296.68 99
122124.0  047.9269027  015.8617592  48291.26 99
122124.5  047.9269151  015.8617596  48292.49 99
122125.0  047.9269151  015.8617596  48292.55 99
122125.5  047.9269283  015.8617587  48289.51 99
122126.0  047.9269283  015.8617587  48294.07 99
122126.5  047.9269424  015.8617553  48288.35 99
122127.0  047.9269424  015.8617553  48294.66 99
122128.5  047.9269663  015.8617476  48294.18 99
122129.0  047.9269663  015.8617476  48292.19 99
122129.5  047.9269800  015.8617447  48296.94 99
122130.0  047.9269800  015.8617447  48289.93 99
122130.5  047.9269945  015.8617438  48297.14 99
122131.0  047.9269945  015.8617438  48290.04 99
122131.5  047.9270069  015.8617451  48295.59 99
122132.0  047.9270069  015.8617451  48292.98 99
122132.5  047.9270205  015.8617451  48294.80 99
122133.0  047.9270205  015.8617451  48298.03 99
122133.5  047.9270333  015.8617442  48296.70 99
122134.0  047.9270333  015.8617442  48300.75 99
122135.5  047.9270619  015.8617408  48298.30 99
122136.0  047.9270619  015.8617408  48298.64 99
122136.5  047.9270743  015.8617395  48299.78 99
122137.0  047.9270743  015.8617395  48295.95 99
122137.5  047.9270880  015.8617395  48301.04 99
122138.0  047.9270880  015.8617395  48297.00 99
122138.5  047.9271025  015.8617387  48300.46 99
122139.0  047.9271025  015.8617387  48292.95 99
122139.5  047.9271157  015.8617383  48296.25 99
122140.0  047.9271157  015.8617383  48292.91 99
122140.5  047.9271281  015.8617357  48292.78 99
122141.0  047.9271281  015.8617357  48293.97 99
122141.5  047.9271422  015.8617344  48292.42 99
122142.0  047.9271422  015.8617344  48295.88 99
122143.5  047.9271674  015.8617336  48294.18 99
122144.0  047.9271674  015.8617336  48294.94 99
122144.5  047.9271806  015.8617327  48295.76 99
122145.0  047.9271806  015.8617327  48294.64 99
122145.5  047.9271938  015.8617319  48296.45 99
122146.0  047.9271938  015.8617319  48293.48 99
122146.5  047.9272067  015.8617297  48301.54 99
122147.0  047.9272067  015.8617297  48295.22 99
122147.5  047.9272203  015.8617301  48301.65 99
122148.0  047.9272203  015.8617301  48294.22 99
122148.5  047.9272335  015.8617276  48299.26 99
122149.0  047.9272335  015.8617276  48295.73 99
122150.5  047.9272587  015.8617216  48291.84 99
122151.0  047.9272587  015.8617216  48293.61 99
122151.5  047.9272715  015.8617199  48297.62 99
122152.0  047.9272715  015.8617199  48307.14 99
122152.5  047.9272856  015.8617190  48297.34 99
122153.0  047.9272856  015.8617190  48297.61 99
122153.5  047.9273001  015.8617250  48296.40 99
122154.0  047.9273001  015.8617250  48296.74 99
122154.5  047.9273125  015.8617246  48301.73 99
122155.0  047.9273125  015.8617246  48300.89 99
122155.5  047.9273258  015.8617199  48303.85 99
122156.0  047.9273258  015.8617199  48299.91 99
122157.5  047.9273518  015.8617182  48300.88 99
122158.0  047.9273518  015.8617182  48301.88 99
122158.5  047.9273646  015.8617152  48301.25 99
122159.0  047.9273646  015.8617152  48302.82 99
122159.5  047.9273787  015.8617122  48298.56 99
122200.0  047.9273787  015.8617122  48302.33 99
122200.5  047.9273915  015.8617079  48294.69 99
122201.0  047.9273915  015.8617079  48297.02 99
122201.5  047.9274043  015.8617050  48291.28 99
122202.0  047.9274043  015.8617050  48292.89 99
122202.5  047.9274167  015.8617024  48294.17 99
122203.0  047.9274167  015.8617024  48292.33 99
122204.5  047.9274444  015.8616990  48295.24 99
122205.0  047.9274444  015.8616990  48291.36 99
122205.5  047.9274564  015.8616990  48292.23 99
122206.0  047.9274564  015.8616990  48290.60 99
122206.5  047.9276201  015.8616701  48288.40 99
122659.5  047.9277714  015.8616426  48084.63 99
122700.0  047.9277714  015.8616426  48077.48 99
122700.5  047.9277714  015.8616426  48069.58 99
122701.0  047.9277714  015.8616426  48066.57 99
122701.5  047.9277714  015.8616426  48065.74 99
122702.0  047.9277714  015.8616426  48065.72 99
122702.5  047.9277714  015.8616426  48067.85 99
122703.0  047.9277714  015.8616426  48073.35 99
122704.5  047.9277714  015.8616426  48054.57 99
122705.0  047.9277714  015.8616426  48055.31 99
122705.5  047.9277714  015.8616426  48069.28 99
122706.0  047.9277714  015.8616426  48072.11 99
122706.5  047.9277714  015.8616426  48072.98 99
122707.0  047.9277714  015.8616426  48075.07 99
122707.5  047.9277714  015.8616426  48075.73 99
122708.0  047.9277714  015.8616426  48076.11 99
122708.5  047.9277714  015.8616422  48074.35 99
122709.0  047.9277714  015.8616422  48074.03 99
122709.5  047.9277714  015.8616422  48075.17 99
122710.0  047.9277714  015.8616422  48074.61 99
122711.5  047.9277714  015.8616422  48076.59 99
122712.0  047.9277714  015.8616422  48071.54 99
122712.5  047.9277714  015.8616422  48061.97 99
122713.0  047.9277714  015.8616422  48066.34 99
122713.5  047.9277714  015.8616422  48071.66 99
122714.0  047.9277714  015.8616422  48072.74 99
122714.5  047.9277714  015.8616422  48072.71 99
122715.0  047.9277714  015.8616422  48072.53 99
122715.5  047.9277714  015.8616422  48072.35 99
122716.0  047.9277714  015.8616422  48071.85 99
122716.5  047.9277714  015.8616418  48071.88 99
122717.0  047.9277714  015.8616418  48075.06 99
122718.5  047.9277714  015.8616418  48075.53 99
122719.0  047.9277714  015.8616418  48075.83 99
122719.5  047.9277714  015.8616418  48077.44 99
122720.0  047.9277714  015.8616418  48080.73 99
122720.5  047.9277714  015.8616418  48071.82 99
122721.0  047.9277714  015.8616418  48074.08 99
122721.5  047.9277719  015.8616418  48069.75 99
122722.0  047.9277719  015.8616418  48059.38 99
122722.5  047.9277719  015.8616418  48035.96 99
122723.0  047.9277719  015.8616418  48043.63 99
122723.5  047.9277719  015.8616414  48022.65 99
122724.0  047.9277719  015.8616414  47981.81 99
122725.5  047.9277719  015.8616414  47994.99 99
122726.0  047.9277719  015.8616414  47997.36 99
122726.5  047.9277723  015.8616414  48002.41 99
122727.0  047.9277723  015.8616414  48002.80 99
122727.5  047.9277723  015.8616414  47993.91 99
122728.0  047.9277723  015.8616414  47993.72 99
122728.5  047.9277723  015.8616414  47980.13 99
122729.0  047.9277723  015.8616414  47976.20 99
122729.5  047.9277727  015.8616414  47996.71 99
122730.0  047.9277727  015.8616414  48003.79 99
122730.5  047.9277727  015.8616414  48021.24 99
122731.0  047.9277727  015.8616414  48025.69 99
122732.5  047.9277731  015.8616414  48019.31 99
122733.0  047.9277731  015.8616414  48019.23 99
122733.5  047.9277736  015.8616414  48019.80 99
122734.0  047.9277736  015.8616414  48020.89 99
122734.5  047.9277736  015.8616414  48021.52 99
122735.0  047.9277736  015.8616414  48020.59 99
122735.5  047.9277740  015.8616414  48019.72 99
122736.0  047.9277740  015.8616414  48019.11 99
122736.5  047.9277740  015.8616409  48017.82 99
122737.0  047.9277740  015.8616409  48018.13 99
122737.5  047.9277744  015.8616409  48017.69 99
122738.0  047.9277744  015.8616409  48019.07 99
122739.5  047.9277748  015.8616409  48021.88 99
122740.0  047.9277748  015.8616409  48023.25 99
122740.5  047.9277748  015.8616409  48024.35 99
122741.0  047.9277748  015.8616409  48025.53 99
122741.5  047.9277753  015.8616409  48024.41 99
122742.0  047.9277753  015.8616409  48022.77 99
122742.5  047.9277753  015.8616409  48022.09 99
122743.0  047.9277753  015.8616409  48019.90 99
122743.5  047.9277757  015.8616409  48019.66 99
122744.0  047.9277757  015.8616409  48013.96 99
122744.5  047.9277757  015.8616409  48017.24 99
122745.0  047.9277757  015.8616409  48014.19 99
122746.5  047.9277761  015.8616405  48025.01 99
122747.0  047.9277761  015.8616405  48031.74 99
122747.5  047.9277761  015.8616405  48028.22 99
122748.0  047.9277761  015.8616405  48028.01 99
122748.5  047.9277765  015.8616405  48028.35 99
122749.0  047.9277765  015.8616405  48028.24 99
122749.5  047.9277765  015.8616405  48027.64 99
122750.0  047.9277765  015.8616405  48027.59 99
122750.5  047.9277765  015.8616405  48027.20 99
122751.0  047.9277765  015.8616405  48023.96 99
122751.5  047.9277770  015.8616405  48027.43 99
122752.0  047.9277770  015.8616405  48026.45 99
122752.5  047.9277770  015.8616405  48026.47 99
122753.0  047.9277770  015.8616405  48037.19 99
122754.5  047.9277774  015.8616405  48069.88 89
122755.0  047.9277774  015.8616405  48079.16 79
122755.5  047.9277774  015.8616405  48114.09 39
122756.0  047.9277774  015.8616405  48106.57 29
122756.5  047.9277778  015.8616405  48135.20 18
122757.0  047.9277778  015.8616405  48138.57 18
122757.5  047.9277778  015.8616405  00000.00 00
122758.0  047.9277778  015.8616405  00000.00 00
122758.5  047.9277778  015.8616405  48117.15 16
122759.0  047.9277778  015.8616405  00000.00 00
122759.5  047.9277783  015.8616405  48055.96 99
122800.0  047.9277783  015.8616405  48036.32 99
122800.5  047.9277783  015.8616405  48035.59 99
122801.0  047.9277783  015.8616405  48034.25 99
122801.5  047.9277783  015.8616405  48032.72 99
122802.0  047.9277783  015.8616405  48032.84 99
122802.5  047.9277783  015.8616405  48033.14 99
122803.0  047.9277783  015.8616405  48032.63 99
122803.5  047.9277787  015.8616405  48041.00 99
122804.0  047.9277787  015.8616405  48069.14 99
122804.5  047.9277787  015.8616405  48072.82 99
122805.0  047.9277787  015.8616405  48068.96 99
122806.5  047.9277787  015.8616405  48089.91 99
122807.0  047.9277787  015.8616405  48077.01 79
122807.5  047.9277787  015.8616409  48081.41 59
122808.0  047.9277787  015.8616409  48072.76 49
122808.5  047.9277787  015.8616409  48052.22 39
122809.0  047.9277787  015.8616409  48056.83 39
122809.5  047.9277787  015.8616409  48029.33 39
122810.0  047.9277787  015.8616409  48044.59 59
122810.5  047.9277787  015.8616409  48036.82 29
122811.0  047.9277787  015.8616409  48061.24 29
122811.5  047.9277791  015.8616409  00000.00 00
122812.0  047.9277791  015.8616409  00000.00 00
122812.5  047.9277791  015.8616414  48077.05 49
122813.0  047.9277791  015.8616414  48086.32 79
122813.5  047.9277791  015.8616414  48026.56 99
122814.0  047.9277791  015.8616414  48021.93 99
122814.5  047.9277791  015.8616414  48015.68 99
122815.0  047.9277791  015.8616414  48014.59 99
122815.5  047.9277791  015.8616414  48004.34 99
122816.0  047.9277791  015.8616414  48002.69 99
122816.5  047.9277787  015.8616418  48003.33 99
122817.0  047.9277787  015.8616418  48002.87 99
122817.5  047.9277787  015.8616418  47999.87 99
122818.0  047.9277787  015.8616418  47997.99 99
122818.5  047.9277791  015.8616418  47997.86 99
122819.0  047.9277791  015.8616418  47998.41 99
122820.5  047.9277791  015.8616422  48000.38 99
122821.0  047.9277791  015.8616422  48002.27 99
122821.5  047.9277791  015.8616422  48003.04 99
122822.0  047.9277791  015.8616422  48000.01 99
122822.5  047.9277791  015.8616422  47996.06 99
122823.0  047.9277791  015.8616422  47990.03 99
122823.5  047.9277791  015.8616426  47991.15 99
122824.0  047.9277791  015.8616426  47991.88 99
122824.5  047.9277791  015.8616426  47987.55 99
122825.0  047.9277791  015.8616426  47989.10 99
122825.5  047.9277791  015.8616426  47990.81 99
122826.0  047.9277791  015.8616426  47993.63 99
122827.5  047.9277791  015.8616426  47991.90 99
122828.0  047.9277791  015.8616426  47991.29 99
122828.5  047.9277791  015.8616431  47989.69 99
122829.0  047.9277791  015.8616431  47990.02 99
122829.5  047.9277795  015.8616431  47989.17 99
122830.0  047.9277795  015.8616431  47988.88 99
122830.5  047.9277795  015.8616431  47986.73 99
122831.0  047.9277795  015.8616431  47985.71 99
122831.5  047.9277795  015.8616431  47991.18 99
122832.0  047.9277795  015.8616431  48009.55 99
122832.5  047.9277795  015.8616431  48019.71 99
122833.0  047.9277795  015.8616431  48027.35 99
122834.5  047.9277795  015.8616435  47979.35 99
122835.0  047.9277795  015.8616435  47970.52 99
122835.5  047.9277795  015.8616439  47972.14 99
122836.0  047.9277795  015.8616439  47972.84 99
122836.5  047.9277800  015.8616439  47971.49 99
122837.0  047.9277800  015.8616439  47984.25 99
122837.5  047.9277800  015.8616439  47995.94 99
122838.0  047.9277800  015.8616439  47992.54 99
122838.5  047.9277800  015.8616439  47989.96 99
122839.0  047.9277800  015.8616439  47986.96 99
122839.5  047.9277800  015.8616439  47996.47 99
122840.0  047.9277800  015.8616439  47999.87 99
122840.5  047.9277800  015.8616443  48009.12 99
122841.0  047.9277800  015.8616443  48030.35 99
122842.5  047.9277804  015.8616443  48033.10 99
122843.0  047.9277804  015.8616443  48030.54 99
122843.5  047.9277804  015.8616443  48028.31 99
122844.0  047.9277804  015.8616443  48029.11 99
122844.5  047.9277808  015.8616443  48030.44 99
122845.0  047.9277808  015.8616443  48028.42 99
122845.5  047.9277808  015.8616448  48029.66 99
122846.0  047.9277808  015.8616448  48030.44 99
122846.5  047.9277808  015.8616448  48027.72 99
122847.0  047.9277808  015.8616448  48024.21 99
122848.5  047.9277808  015.8616452  48022.60 99
122849.0  047.9277808  015.8616452  48028.47 99
122849.5  047.9277812  015.8616452  48034.48 99
122850.0  047.9277812  015.8616452  48036.12 99
122850.5  047.9277812  015.8616452  48035.43 99
122851.0  047.9277812  015.8616452  48034.06 99
122851.5  047.9277812  015.8616452  48032.98 99
122852.0  047.9277812  015.8616452  48032.09 99
122852.5  047.9277812  015.8616452  48031.26 99
122853.0  047.9277812  015.8616452  48031.00 99
122853.5  047.9277817  015.8616452  48030.55 99
122854.0  047.9277817  015.8616452  48033.14 99
122855.5  047.9277817  015.8616452  47999.39 99
122856.0  047.9277817  015.8616452  47953.29 59
122856.5  047.9277821  015.8616452  47976.78 39
122857.0  047.9277821  015.8616452  47973.90 48
122857.5  047.9277821  015.8616452  47920.91 37
122858.0  047.9277821  015.8616452  47916.86 38
122858.5  047.9277825  015.8616452  48009.18 29
122859.0  047.9277825  015.8616452  47976.54 59
122859.5  047.9277825  015.8616452  47940.11 38
122900.0  047.9277825  015.8616452  47986.06 69
122900.5  047.9277830  015.8616452  48033.65 99
122901.0  047.9277830  015.8616452  48033.45 99
122901.5  047.9277830  015.8616452  48033.50 99
122902.0  047.9277830  015.8616452  48033.83 99
122902.5  047.9277834  015.8616452  48034.75 99
122903.0  047.9277834  015.8616452  48034.90 99
122903.5  047.9277834  015.8616448  48035.25 99
122904.0  047.9277834  015.8616448  48031.22 99
122904.5  047.9277838  015.8616448  48029.26 99
122905.0  047.9277838  015.8616448  48030.65 99
122905.5  047.9277842  015.8616443  48031.77 99
122906.0  047.9277842  015.8616443  48033.42 99
122907.5  047.9277847  015.8616439  48039.45 99
122908.0  047.9277847  015.8616439  48038.73 99
122908.5  047.9277851  015.8616439  48037.61 99
122909.0  047.9277851  015.8616439  48037.31 99
122909.5  047.9277855  015.8616435  48036.54 99
122910.0  047.9277855  015.8616435  48035.61 99
122910.5  047.9277855  015.8616435  48035.50 99
122911.0  047.9277855  015.8616435  48034.21 99
122911.5  047.9277859  015.8616431  48036.04 99
122912.0  047.9277859  015.8616431  48023.52 99
122912.5  047.9277864  015.8616431  47995.04 99
122913.0  047.9277864  015.8616431  47981.30 99
122914.5  047.9277868  015.8616426  47982.51 99
122915.0  047.9277868  015.8616426  47977.05 99
122915.5  047.9277872  015.8616422  47974.64 99
122916.0  047.9277872  015.8616422  47978.61 99
122916.5  047.9277876  015.8616422  47985.71 99
122917.0  047.9277876  015.8616422  47990.32 99
122917.5  047.9277876  015.8616418  47998.90 99
122918.0  047.9277876  015.8616418  48006.54 99
122918.5  047.9277881  015.8616418  48008.31 99
122919.0  047.9277881  015.8616418  48009.40 99
122919.5  047.9277885  015.8616414  48010.18 99
122920.0  047.9277885  015.8616414  48010.67 99
122921.5  047.9277889  015.8616409  48011.02 99
122922.0  047.9277889  015.8616409  48010.89 99
122922.5  047.9277889  015.8616409  48011.49 99
122923.0  047.9277889  015.8616409  48011.48 99
122923.5  047.9277894  015.8616409  48010.76 99
122924.0  047.9277894  015.8616409  48010.98 99
122924.5  047.9277898  015.8616409  48011.81 99
122925.0  047.9277898  015.8616409  48012.47 99
122925.5  047.9277898  015.8616405  48012.76 99
122926.0  047.9277898  015.8616405  48011.41 99
122927.5  047.9277902  015.8616405  48009.40 99
122928.0  047.9277902  015.8616405  48009.01 99
122928.5  047.9277906  015.8616405  48009.07 99
122929.0  047.9277906  015.8616405  48009.86 99
122929.5  047.9277906  015.8616405  48011.27 99
122930.0  047.9277906  015.8616405  48011.39 99
122930.5  047.9277911  015.8616405  48011.02 99
122931.0  047.9277911  015.8616405  48010.09 99
122931.5  047.9277915  015.8616401  48009.95 99
122932.0  047.9277915  015.8616401  48009.89 99
122933.5  047.9277919  015.8616401  48010.45 99
122934.0  047.9277919  015.8616401  48010.79 99
122934.5  047.9277919  015.8616401  48011.43 99
122935.0  047.9277919  015.8616401  48012.53 99
122935.5  047.9277923  015.8616401  48013.08 99
122936.0  047.9277923  015.8616401  48014.04 99
122936.5  047.9277928  015.8616401  48013.84 99
122937.0  047.9277928  015.8616401  48012.37 99
122937.5  047.9277928  015.8616401  48013.59 99
122938.0  047.9277928  015.8616401  48014.15 99
122939.5  047.9277932  015.8616396  48006.43 99
122940.0  047.9277932  015.8616396  48006.70 99
122940.5  047.9277936  015.8616396  48018.00 99
122941.0  047.9277936  015.8616396  48021.05 99
122941.5  047.9277936  015.8616396  48017.19 99
122942.0  047.9277936  015.8616396  48006.90 99
122942.5  047.9277941  015.8616396  47998.11 99
122943.0  047.9277941  015.8616396  47990.31 99
122943.5  047.9277945  015.8616392  47995.58 99
122944.0  047.9277945  015.8616392  47990.08 99
122944.5  047.9277945  015.8616392  47980.34 99
122945.0  047.9277945  015.8616392  47986.46 99
122946.5  047.9277949  015.8616392  47988.19 99
122947.0  047.9277949  015.8616392  47987.69 99
122947.5  047.9277953  015.8616392  47991.59 99
122948.0  047.9277953  015.8616392  47993.21 99
122948.5  047.9277958  015.8616392  47992.63 99
122949.0  047.9277958  015.8616392  47991.84 99
122949.5  047.9277958  015.8616392  47991.62 99
122950.0  047.9277958  015.8616392  47993.47 99
122950.5  047.9277962  015.8616392  47992.79 99
122951.0  047.9277962  015.8616392  47991.13 99
122951.5  047.9277962  015.8616392  47990.80 99
122952.0  047.9277962  015.8616392  47991.42 99
122953.5  047.9277966  015.8616388  47987.28 99
122954.0  047.9277966  015.8616388  47986.16 99
122954.5  047.9277970  015.8616388  47988.68 99
122955.0  047.9277970  015.8616388  47992.93 99
122955.5  047.9277970  015.8616392  47991.41 99
122956.0  047.9277970  015.8616392  47990.15 99
122956.5  047.9277975  015.8616392  47990.62 99
122957.0  047.9277975  015.8616392  47990.71 99
122957.5  047.9277975  015.8616396  47991.12 99
122958.0  047.9277975  015.8616396  47991.89 99
122958.5  047.9277979  015.8616396  47992.09 99
122959.0  047.9277979  015.8616396  47992.67 99
123000.5  047.9277979  015.8616396  47993.03 99
123001.0  047.9277979  015.8616396  47993.42 99
123001.5  047.9277983  015.8616396  47993.31 99
123002.0  047.9277983  015.8616396  47991.13 99
123002.5  047.9277983  015.8616401  47989.10 99
123003.0  047.9277983  015.8616401  47986.58 99
123003.5  047.9277987  015.8616401  47986.64 99
123004.0  047.9277987  015.8616401  47985.29 99
123004.5  047.9277987  015.8616401  47989.87 99
123005.0  047.9277987  015.8616401  47993.64 99
123005.5  047.9277987  015.8616401  48007.92 99
123006.0  047.9277987  015.8616401  48014.85 99
123007.5  047.9277992  015.8616405  47990.84 99
123008.0  047.9277992  015.8616405  47992.28 99
123008.5  047.9277992  015.8616405  47991.51 99
123009.0  047.9277992  015.8616405  47990.93 99
123009.5  047.9277992  015.8616405  47992.25 99
123010.0  047.9277992  015.8616405  47991.19 99
123010.5  047.9277996  015.8616405  48004.86 99
123011.0  047.9277996  015.8616405  48004.27 99
123011.5  047.9277996  015.8616409  47997.85 99
123012.0  047.9277996  015.8616409  47987.36 99
123013.5  047.9277996  015.8616409  47980.93 99
123014.0  047.9277996  015.8616409  47985.22 99
123014.5  047.9277996  015.8616414  47990.29 99
123015.0  047.9277996  015.8616414  47992.93 99
123015.5  047.9278000  015.8616414  47997.69 99
123016.0  047.9278000  015.8616414  48001.76 99
123016.5  047.9278000  015.8616414  48006.36 99
123017.0  047.9278000  015.8616414  48007.73 99
123017.5  047.9278000  015.8616414  48007.20 99
123018.0  047.9278000  015.8616414  48006.61 99
123018.5  047.9278000  015.8616418  48002.67 99
123019.0  047.9278000  015.8616418  48002.76 99
123020.5  047.9278005  015.8616418  48003.45 99
123021.0  047.9278005  015.8616418  48004.57 99
123021.5  047.9278005  015.8616418  48005.15 99
123022.0  047.9278005  015.8616418  48006.15 99
123022.5  047.9278005  015.8616418  48006.18 99
123023.0  047.9278005  015.8616418  48007.00 99
123023.5  047.9278009  015.8616418  48008.72 99
123024.0  047.9278009  015.8616418  48007.99 99
123024.5  047.9278009  015.8616422  48008.17 99
123025.0  047.9278009  015.8616422  48002.90 99
123026.5  047.9278009  015.8616422  48009.56 99
123027.0  047.9278009  015.8616422  48007.80 99
123027.5  047.9278013  015.8616422  48009.66 99
123028.0  047.9278013  015.8616422  48010.84 99
123028.5  047.9278013  015.8616422  48011.63 99
123029.0  047.9278013  015.8616422  48012.06 99
123029.5  047.9278013  015.8616422  48011.25 99
123030.0  047.9278013  015.8616422  48015.63 99
123030.5  047.9278013  015.8616426  48010.30 99
123031.0  047.9278013  015.8616426  48010.72 99
123032.5  047.9278017  015.8616422  47997.36 99
123033.0  047.9278017  015.8616422  47998.38 99
123033.5  047.9278017  015.8616422  47998.37 99
123034.0  047.9278017  015.8616422  47999.05 99
123034.5  047.9278022  015.8616422  48000.83 99
123035.0  047.9278022  015.8616422  48001.37 99
123035.5  047.9278022  015.8616422  48001.54 99
123036.0  047.9278022  015.8616422  48000.48 99
123036.5  047.9278022  015.8616422  47999.18 99
123037.0  047.9278022  015.8616422  47999.71 99
123037.5  047.9278022  015.8616422  48000.78 99
123038.0  047.9278022  015.8616422  48001.66 99
123039.5  047.9278026  015.8616422  47999.67 99
123040.0  047.9278026  015.8616422  47998.96 99
123040.5  047.9278026  015.8616422  47998.77 99
123041.0  047.9278026  015.8616422  47998.36 99
123041.5  047.9278026  015.8616422  47997.27 99
123042.0  047.9278026  015.8616422  47997.89 99
123042.5  047.9278026  015.8616422  47998.16 99
123043.0  047.9278026  015.8616422  48001.72 99
123043.5  047.9278026  015.8616422  48000.75 99
123044.0  047.9278026  015.8616422  48002.71 99
123044.5  047.9278026  015.8616422  48004.16 99
123045.0  047.9278026  015.8616422  48001.31 99
123046.5  047.9278026  015.8616422  48004.49 99
123047.0  047.9278026  015.8616422  48004.29 99
123047.5  047.9278026  015.8616422  48004.82 99
123048.0  047.9278026  015.8616422  48003.97 99
123048.5  047.9278026  015.8616422  48003.01 99
123049.0  047.9278026  015.8616422  48005.08 99
123049.5  047.9278026  015.8616422  48006.78 99
123050.0  047.9278026  015.8616422  48005.92 99
123050.5  047.9278026  015.8616422  47994.89 99
123051.0  047.9278026  015.8616422  47990.58 99
123052.5  047.9278026  015.8616418  47998.70 99
123053.0  047.9278026  015.8616418  47998.91 99
123053.5  047.9278026  015.8616418  47999.14 99
123054.0  047.9278026  015.8616418  47997.39 99
123054.5  047.9278026  015.8616418  47996.18 99
123055.0  047.9278026  015.8616418  47995.94 99
123055.5  047.9278026  015.8616418  47995.23 99
123056.0  047.9278026  015.8616418  47994.76 99
123056.5  047.9278026  015.8616418  47995.02 99
123057.0  047.9278026  015.8616418  47994.55 99
123058.5  047.9278026  015.8616414  47992.53 99
123059.0  047.9278026  015.8616414  47993.09 99
123059.5  047.9278030  015.8616414  47995.57 99
123100.0  047.9278030  015.8616414  48001.28 99
123100.5  047.9278030  015.8616414  48001.42 99
123101.0  047.9278030  015.8616414  48000.46 99
123101.5  047.9278030  015.8616414  47999.00 99
123102.0  047.9278030  015.8616414  47999.25 99
123102.5  047.9278030  015.8616414  47999.88 99
123103.0  047.9278030  015.8616414  48000.01 99
123104.5  047.9278034  015.8616414  47997.39 99
123105.0  047.9278034  015.8616414  47995.52 99
123105.5  047.9278034  015.8616414  47996.53 99
123106.0  047.9278034  015.8616414  47999.58 99
123106.5  047.9278039  015.8616414  48000.25 99
123107.0  047.9278039  015.8616414  48003.34 99
123107.5  047.9278039  015.8616414  48004.14 99
123108.0  047.9278039  015.8616414  48004.04 99
123108.5  047.9278039  015.8616414  48004.96 99
123109.0  047.9278039  015.8616414  48004.22 99
123110.5  047.9278043  015.8616418  48002.91 99
123111.0  047.9278043  015.8616418  48003.12 99
123111.5  047.9278043  015.8616414  48004.84 99
123112.0  047.9278043  015.8616414  48006.97 99
123112.5  047.9278047  015.8616414  48006.73 99
123113.0  047.9278047  015.8616414  48005.50 99
123113.5  047.9278047  015.8616414  48005.73 99
123114.0  047.9278047  015.8616414  48003.79 99
123114.5  047.9278047  015.8616414  48002.99 99
123115.0  047.9278047  015.8616414  48003.48 99
123116.5  047.9278052  015.8616414  48004.38 99
123117.0  047.9278052  015.8616414  48004.35 99
123117.5  047.9278052  015.8616414  48005.57 99
123118.0  047.9278052  015.8616414  48005.80 99
123118.5  047.9278052  015.8616414  48005.30 99
123119.0  047.9278052  015.8616414  48004.44 99
123119.5  047.9278056  015.8616414  48004.35 99
123120.0  047.9278056  015.8616414  48003.68 99
123120.5  047.9278056  015.8616414  48003.61 99
123121.0  047.9278056  015.8616414  48004.34 99
123122.5  047.9278056  015.8616409  48005.46 99
123123.0  047.9278056  015.8616409  48003.46 99
123123.5  047.9278060  015.8616409  48000.64 99
123124.0  047.9278060  015.8616409  47999.56 99
123124.5  047.9278060  015.8616409  47998.77 99
123125.0  047.9278060  015.8616409  47998.66 99
123125.5  047.9278060  015.8616409  47996.26 99
123126.0  047.9278060  015.8616409  47984.36 99
123126.5  047.9278060  015.8616409  47972.11 99
123127.0  047.9278060  015.8616409  47965.98 99
123127.5  047.9278064  015.8616409  47953.71 99
123128.0  047.9278064  015.8616409  47946.74 99
123129.5  047.9278064  015.8616409  47965.56 99
123130.0  047.9278064  015.8616409  47950.63 99
123130.5  047.9278064  015.8616409  47935.41 99
123131.0  047.9278064  015.8616409  47936.21 99
123131.5  047.9278064  015.8616409  47947.32 99
123132.0  047.9278064  015.8616409  47955.82 99
123132.5  047.9278069  015.8616409  47957.48 99
123133.0  047.9278069  015.8616409  47958.12 99
123133.5  047.9278069  015.8616409  47958.28 99
123134.0  047.9278069  015.8616409  47953.34 99
123134.5  047.9278069  015.8616409  47952.88 99
123135.0  047.9278069  015.8616409  47958.71 99
123136.5  047.9278064  015.8616414  47954.56 99
123137.0  047.9278064  015.8616414  47955.88 99
123137.5  047.9278064  015.8616414  47951.61 99
123138.0  047.9278064  015.8616414  47950.23 99
123138.5  047.9278064  015.8616414  47952.96 99
123139.0  047.9278064  015.8616414  47955.62 99
123139.5  047.9278064  015.8616418  47957.94 99
123140.0  047.9278064  015.8616418  47958.30 99
123140.5  047.9278064  015.8616418  47955.59 99
123141.0  047.9278064  015.8616418  47952.57 99
123141.5  047.9278064  015.8616414  47949.54 99
123142.0  047.9278064  015.8616414  47951.00 99
123143.5  047.9278064  015.8616414  47951.54 99
123144.0  047.9278064  015.8616414  47945.20 99
123144.5  047.9278064  015.8616414  47951.12 99
123145.0  047.9278064  015.8616414  47955.11 99
123145.5  047.9278064  015.8616414  47955.10 99
123146.0  047.9278064  015.8616414  47955.39 99
123146.5  047.9278060  015.8616414  47954.27 99
123147.0  047.9278060  015.8616414  47953.58 99
123147.5  047.9278060  015.8616414  47950.95 99
123148.0  047.9278060  015.8616414  47950.56 99
123148.5  047.9278060  015.8616418  47949.95 99
123149.0  047.9278060  015.8616418  47949.47 99
123150.5  047.9278056  015.8616418  47953.72 99
123151.0  047.9278056  015.8616418  47956.47 99
123151.5  047.9278052  015.8616418  47956.37 99
123152.0  047.9278052  015.8616418  47962.04 99
123152.5  047.9278052  015.8616418  47964.17 99
123153.0  047.9278052  015.8616418  47962.32 99
123153.5  047.9278047  015.8616422  47957.86 99
123154.0  047.9278047  015.8616422  47956.44 99
123154.5  047.9278047  015.8616422  47958.56 99
123155.0  047.9278047  015.8616422  47959.72 99
123155.5  047.9278047  015.8616422  47961.57 99
123156.0  047.9278047  015.8616422  47962.05 99
123157.5  047.9278043  015.8616422  47961.19 99
123158.0  047.9278043  015.8616422  47962.28 99
123158.5  047.9278043  015.8616422  47962.45 99
123159.0  047.9278043  015.8616422  47961.32 99
123159.5  047.9278043  015.8616422  47960.47 99
123200.0  047.9278043  015.8616422  47959.77 99
123200.5  047.9278043  015.8616422  47960.70 99
123201.0  047.9278043  015.8616422  47962.07 99
123201.5  047.9278043  015.8616422  47962.73 99
123202.0  047.9278043  015.8616422  47966.29 99
123202.5  047.9278043  015.8616422  47967.85 99
123203.0  047.9278043  015.8616422  47968.54 99
123204.5  047.9278043  015.8616426  47969.23 99
123205.0  047.9278043  015.8616426  47969.83 99
123205.5  047.9278043  015.8616426  47968.75 99
123206.0  047.9278043  015.8616426  47967.05 99
123206.5  047.9278039  015.8616426  47966.26 99
123207.0  047.9278039  015.8616426  47970.76 99
123207.5  047.9278039  015.8616426  47972.13 99
123208.0  047.9278039  015.8616426  47970.51 99
123208.5  047.9278039  015.8616426  47968.28 99
123209.0  047.9278039  015.8616426  47962.94 99
123209.5  047.9278039  015.8616426  47957.62 99
123210.0  047.9278039  015.8616426  47958.59 99
123211.5  047.9278039  015.8616431  47961.92 99
123212.0  047.9278039  015.8616431  47964.12 99
123212.5  047.9278039  015.8616431  47963.84 99
123213.0  047.9278039  015.8616431  47963.16 99
123213.5  047.9278034  015.8616431  47961.86 99
123214.0  047.9278034  015.8616431  47960.96 99
123214.5  047.9278034  015.8616431  47961.01 99
123215.0  047.9278034  015.8616431  47961.59 99
123215.5  047.9278034  015.8616431  47961.70 99
123216.0  047.9278034  015.8616431  47962.09 99
123217.5  047.9278034  015.8616435  47966.12 99
123218.0  047.9278034  015.8616435  47971.51 99
123218.5  047.9278034  015.8616435  47962.57 99
123219.0  047.9278034  015.8616435  47949.23 99
123219.5  047.9278034  015.8616435  47955.17 99
123220.0  047.9278034  015.8616435  47959.27 99
123220.5  047.9278030  015.8616435  47959.10 99
123221.0  047.9278030  015.8616435  47958.95 99
123221.5  047.9278030  015.8616435  47958.09 99
123222.0  047.9278030  015.8616435  47957.43 99
123223.5  047.9278030  015.8616435  47958.75 99
123224.0  047.9278030  015.8616435  47959.51 99
123224.5  047.9278030  015.8616435  47959.00 99
123225.0  047.9278030  015.8616435  47959.29 99
123225.5  047.9278030  015.8616435  47958.97 99
123226.0  047.9278030  015.8616435  47958.52 99
123226.5  047.9278030  015.8616435  47958.55 99
123227.0  047.9278030  015.8616435  47958.61 99
123227.5  047.9278030  015.8616435  47958.16 99
123228.0  047.9278030  015.8616435  47957.76 99
123229.5  047.9278034  015.8616435  47959.15 99
123230.0  047.9278034  015.8616435  47959.97 99
123230.5  047.9278034  015.8616439  47960.05 99
123231.0  047.9278034  015.8616439  47959.78 99
123231.5  047.9278034  015.8616439  47960.10 99
123232.0  047.9278034  015.8616439  47960.77 99
123232.5  047.9278039  015.8616439  47960.67 99
123233.0  047.9278039  015.8616439  47960.26 99
123233.5  047.9278039  015.8616439  47958.82 99
123234.0  047.9278039  015.8616439  47958.92 99
123234.5  047.9278039  015.8616439  47958.70 99
123235.0  047.9278039  015.8616439  47957.87 99
123236.5  047.9278043  015.8616439  47958.55 99
123237.0  047.9278043  015.8616439  47958.92 99
123237.5  047.9278043  015.8616439  47959.06 99
123238.0  047.9278043  015.8616439  47958.71 99
123238.5  047.9278043  015.8616439  47957.59 99
123239.0  047.9278043  015.8616439  47956.46 99
123239.5  047.9278047  015.8616439  47956.41 99
123240.0  047.9278047  015.8616439  47956.57 99
123240.5  047.9278047  015.8616439  47957.58 99
123241.0  047.9278047  015.8616439  47952.53 99
123241.5  047.9278047  015.8616443  47953.64 99
123242.0  047.9278047  015.8616443  47954.09 99
123243.5  047.9278052  015.8616443  47950.86 99
123244.0  047.9278052  015.8616443  47950.98 99
123244.5  047.9278052  015.8616443  47952.49 99
123245.0  047.9278052  015.8616443  47953.10 99
123245.5  047.9278052  015.8616443  47952.27 99
123246.0  047.9278052  015.8616443  47951.98 99
123246.5  047.9278056  015.8616443  47952.43 99
123247.0  047.9278056  015.8616443  47951.92 99
123247.5  047.9278056  015.8616443  47952.16 99
123248.0  047.9278056  015.8616443  47951.45 99
123248.5  047.9278056  015.8616443  47951.04 99
123249.0  047.9278056  015.8616443  47950.93 99
123250.5  047.9278060  015.8616443  47948.54 99
123251.0  047.9278060  015.8616443  47944.18 99
123251.5  047.9278060  015.8616448  47938.35 99
123252.0  047.9278060  015.8616448  47935.26 99
123252.5  047.9278060  015.8616448  47922.69 99
123253.0  047.9278060  015.8616448  47891.37 99
123253.5  047.9278060  015.8616448  47857.43 99
123254.0  047.9278060  015.8616448  47897.99 99
123254.5  047.9278060  015.8616448  47886.57 99
123255.0  047.9278060  015.8616448  47854.61 99
123255.5  047.9278060  015.8616448  47828.30 99
123256.0  047.9278060  015.8616448  47830.21 99
123257.5  047.9278145  015.8616452  47876.90 99
123258.0  047.9278145  015.8616452  47880.41 99
123258.5  047.9278145  015.8616452  47863.77 99
123259.0  047.9278145  015.8616452  47851.68 99
123259.5  047.9278145  015.8616452  47859.84 99
123300.0  047.9278145  015.8616452  47868.88 99
123300.5  047.9278145  015.8616452  47866.82 99
123301.0  047.9278145  015.8616452  47862.40 99
123301.5  047.9278145  015.8616452  47864.99 99
123302.0  047.9278145  015.8616452  47867.24 99
123302.5  047.9278145  015.8616452  47867.97 99
123303.0  047.9278145  015.8616452  47865.29 99
123304.5  047.9278150  015.8616456  47863.50 99
123305.0  047.9278150  015.8616456  47864.08 99
123305.5  047.9278150  015.8616456  47866.07 99
123306.0  047.9278150  015.8616456  47865.25 99
123306.5  047.9278150  015.8616456  47864.59 99
123307.0  047.9278150  015.8616456  47863.59 99
123307.5  047.9278150  015.8616456  47863.33 99
123308.0  047.9278150  015.8616456  47865.05 99
123308.5  047.9278150  015.8616456  47864.95 99
123309.0  047.9278150  015.8616456  47865.29 99
123309.5  047.9278150  015.8616456  47864.12 99
123310.0  047.9278150  015.8616456  47864.27 99
123311.5  047.9278150  015.8616461  47863.57 99
123312.0  047.9278150  015.8616461  47863.73 99
123312.5  047.9278150  015.8616461  47866.33 99
123313.0  047.9278150  015.8616461  47866.96 99
123313.5  047.9278150  015.8616461  47850.66 99
123314.0  047.9278150  015.8616461  47824.82 99
123314.5  047.9278150  015.8616461  47833.40 99
123315.0  047.9278150  015.8616461  47861.72 99
123315.5  047.9278150  015.8616465  47880.53 99
123316.0  047.9278150  015.8616465  47878.69 99
123316.5  047.9278150  015.8616465  47862.37 99
123317.0  047.9278150  015.8616465  47850.63 99
123318.5  047.9278145  015.8616465  47858.77 99
123319.0  047.9278145  015.8616465  47861.96 99
123319.5  047.9278145  015.8616465  47870.68 99
123320.0  047.9278145  015.8616465  47877.46 99
123320.5  047.9278145  015.8616469  47875.10 99
123321.0  047.9278145  015.8616469  47863.68 99
123321.5  047.9278145  015.8616469  47859.25 99
123322.0  047.9278145  015.8616469  47864.22 99
123322.5  047.9278145  015.8616469  47864.27 99
123323.0  047.9278145  015.8616469  47860.76 99
123323.5  047.9278145  015.8616469  47858.56 99
123324.0  047.9278145  015.8616469  47863.08 99
123325.5  047.9278145  015.8616469  47859.40 99
123326.0  047.9278145  015.8616469  47858.13 99
123326.5  047.9278145  015.8616473  47859.37 99
123327.0  047.9278145  015.8616473  47858.14 99
123327.5  047.9278145  015.8616473  47859.16 99
123328.0  047.9278145  015.8616473  47858.29 99
123328.5  047.9278145  015.8616473  47856.53 99
123329.0  047.9278145  015.8616473  47854.07 99
123329.5  047.9278145  015.8616473  47844.96 99
123330.0  047.9278145  015.8616473  47839.85 99
123330.5  047.9278145  015.8616473  47833.95 99
123331.0  047.9278145  015.8616473  47835.69 99
123332.5  047.9278141  015.8616473  47836.96 99
123333.0  047.9278141  015.8616473  47823.71 99
123333.5  047.9278141  015.8616478  47810.43 99
123334.0  047.9278141  015.8616478  47808.82 99
123334.5  047.9278141  015.8616478  47800.67 99
123335.0  047.9278141  015.8616478  47774.48 99
123335.5  047.9278141  015.8616478  47743.54 99
123336.0  047.9278141  015.8616478  47695.55 99
123336.5  047.9278141  015.8616478  47668.17 99
123337.0  047.9278141  015.8616478  47646.30 99
123337.5  047.9278141  015.8616478  47624.42 99
123338.0  047.9278141  015.8616478  47622.24 99
123339.5  047.9278137  015.8616478  47687.71 99
123340.0  047.9278137  015.8616478  47717.38 99
123340.5  047.9278137  015.8616478  47735.67 99
123341.0  047.9278137  015.8616478  47754.19 99
123341.5  047.9278137  015.8616478  47770.74 99
123342.0  047.9278137  015.8616478  47784.96 99
123342.5  047.9278137  015.8616478  47800.06 99
123343.0  047.9278137  015.8616478  47809.52 99
123343.5  047.9278137  015.8616478  47813.84 99
123344.0  047.9278137  015.8616478  47819.42 99
123344.5  047.9278137  015.8616478  47831.40 99
123345.0  047.9278137  015.8616478  47836.39 99
123346.5  047.9278133  015.8616478  47852.98 99
123347.0  047.9278133  015.8616478  47854.57 99
123347.5  047.9278133  015.8616478  47856.59 99
123348.0  047.9278133  015.8616478  47851.20 99
123348.5  047.9278133  015.8616478  47850.45 99
123349.0  047.9278133  015.8616478  47854.96 99
123349.5  047.9278133  015.8616478  47854.41 99
123350.0  047.9278133  015.8616478  47851.86 99
123350.5  047.9278133  015.8616478  47853.79 99
123351.0  047.9278133  015.8616478  47855.08 99
123352.5  047.9278133  015.8616478  47855.88 99
123353.0  047.9278133  015.8616478  47856.19 99
123353.5  047.9278133  015.8616478  47855.13 99
123354.0  047.9278133  015.8616478  47856.49 99
123354.5  047.9278133  015.8616478  47854.75 99
123355.0  047.9278133  015.8616478  47858.94 99
123355.5  047.9278133  015.8616473  47859.95 99
123356.0  047.9278133  015.8616473  47861.21 99
123356.5  047.9278133  015.8616473  47861.82 99
123357.0  047.9278133  015.8616473  47859.03 99
123358.5  047.9278133  015.8616473  47851.30 99
123359.0  047.9278133  015.8616473  47857.35 99
123359.5  047.9278133  015.8616473  47851.45 99
123400.0  047.9278133  015.8616473  47827.19 99
123400.5  047.9278133  015.8616473  47833.32 99
123401.0  047.9278133  015.8616473  47853.84 99
123401.5  047.9278133  015.8616473  47860.89 99
123402.0  047.9278133  015.8616473  47860.57 99
123402.5  047.9278133  015.8616473  47853.10 99
123403.0  047.9278133  015.8616473  47847.93 99
123403.5  047.9278133  015.8616473  47853.84 99
123404.0  047.9278133  015.8616473  47857.31 99
123405.5  047.9278133  015.8616473  47845.83 99
123406.0  047.9278133  015.8616473  47846.09 99
123406.5  047.9278133  015.8616473  47845.72 99
123407.0  047.9278133  015.8616473  47842.14 99
123407.5  047.9278133  015.8616473  47839.14 99
123408.0  047.9278133  015.8616473  47839.21 99
123408.5  047.9278128  015.8616473  47839.25 99
123409.0  047.9278128  015.8616473  47839.23 99
123409.5  047.9278128  015.8616473  47840.20 99
123410.0  047.9278128  015.8616473  47840.56 99
123411.5  047.9278128  015.8616473  47846.08 99
123412.0  047.9278128  015.8616473  47850.78 99
123412.5  047.9278128  015.8616473  47857.20 99
123413.0  047.9278128  015.8616473  47865.37 99
123413.5  047.9278128  015.8616469  47861.39 99
123414.0  047.9278128  015.8616469  47841.37 99
123414.5  047.9278128  015.8616469  47832.84 99
123415.0  047.9278128  015.8616469  47857.12 99
123415.5  047.9278128  015.8616469  47869.70 99
123416.0  047.9278128  015.8616469  47846.97 99
123416.5  047.9278128  015.8616469  47810.10 99
123417.0  047.9278128  015.8616469  47805.27 99
123418.5  047.9278128  015.8616469  47817.88 99
123419.0  047.9278128  015.8616469  47823.90 99
123419.5  047.9278128  015.8616469  47829.13 99
123420.0  047.9278128  015.8616469  47842.70 99
123420.5  047.9278128  015.8616473  47857.56 99
123421.0  047.9278128  015.8616473  47862.44 99
123421.5  047.9278128  015.8616473  47862.49 99
123422.0  047.9278128  015.8616473  47861.71 99
123422.5  047.9278128  015.8616473  47857.97 99
123423.0  047.9278128  015.8616473  47855.70 99
123423.5  047.9278128  015.8616469  47854.76 99
123424.0  047.9278128  015.8616469  47856.67 99
123425.5  047.9278128  015.8616469  47861.67 99
123426.0  047.9278128  015.8616469  47858.99 99
123426.5  047.9278124  015.8616469  47856.62 99
123427.0  047.9278124  015.8616469  47851.70 99
123427.5  047.9278124  015.8616469  47835.03 99
123428.0  047.9278124  015.8616469  47813.87 99
123428.5  047.9278124  015.8616469  47835.29 99
123429.0  047.9278124  015.8616469  47858.51 99
123429.5  047.9278124  015.8616469  47863.65 99
123430.0  047.9278124  015.8616469  47856.37 99
123430.5  047.9278124  015.8616469  47850.85 99
123431.0  047.9278124  015.8616469  47850.44 99
123432.5  047.9278120  015.8616469  47856.28 99
123433.0  047.9278120  015.8616469  47855.33 99
123433.5  047.9278120  015.8616469  47860.48 99
123434.0  047.9278120  015.8616469  47862.76 99
123434.5  047.9278120  015.8616469  47862.30 99
123435.0  047.9278120  015.8616469  47868.47 99
123435.5  047.9278120  015.8616469  47866.50 99
123436.0  047.9278120  015.8616469  47863.18 99
123436.5  047.9278116  015.8616469  47861.38 99
123437.0  047.9278116  015.8616469  47861.06 99
123437.5  047.9278116  015.8616469  47855.97 99
123438.0  047.9278116  015.8616469  47858.19 99
123439.5  047.9278116  015.8616465  47859.55 99
123440.0  047.9278116  015.8616465  47859.48 99
123440.5  047.9278116  015.8616465  47858.67 99
123441.0  047.9278116  015.8616465  47859.64 99
123441.5  047.9278111  015.8616465  47861.01 99
123442.0  047.9278111  015.8616465  47859.53 99
123442.5  047.9278111  015.8616465  47859.13 99
123443.0  047.9278111  015.8616465  47858.61 99
123443.5  047.9278111  015.8616465  47858.37 99
123444.0  047.9278111  015.8616465  47858.97 99
123444.5  047.9278111  015.8616465  47858.81 99
123445.0  047.9278111  015.8616465  47859.81 99
123446.5  047.9278111  015.8616465  47860.73 99
123447.0  047.9278111  015.8616465  47861.01 99
123447.5  047.9278111  015.8616465  47861.06 99
123448.0  047.9278111  015.8616465  47861.30 99
123448.5  047.9278111  015.8616465  47861.24 99
123449.0  047.9278111  015.8616465  47861.40 99
123449.5  047.9278107  015.8616465  47860.49 99
123450.0  047.9278107  015.8616465  47860.02 99
123450.5  047.9278107  015.8616465  47859.83 99
123451.0  047.9278107  015.8616465  47859.40 99
123451.5  047.9278107  015.8616465  47859.88 99
123452.0  047.9278107  015.8616465  47860.25 99
123453.5  047.9278107  015.8616465  47861.05 99
123454.0  047.9278107  015.8616465  47858.94 99
123454.5  047.9278107  015.8616465  47858.08 99
123455.0  047.9278107  015.8616465  47858.54 99
123455.5  047.9278107  015.8616465  47858.37 99
123456.0  047.9278107  015.8616465  47857.94 99
123456.5  047.9278103  015.8616465  47856.79 99
123457.0  047.9278103  015.8616465  47856.15 99
123457.5  047.9278103  015.8616469  47857.12 99
123458.0  047.9278103  015.8616469  47857.86 99
123458.5  047.9278103  015.8616469  47858.83 99
123459.0  047.9278103  015.8616469  47858.67 99
123500.5  047.9278103  015.8616469  47856.85 99
123501.0  047.9278103  015.8616469  47856.47 99
123501.5  047.9278103  015.8616469  47855.69 99
123502.0  047.9278103  015.8616469  47855.79 99
123502.5  047.9278103  015.8616469  47855.74 99
123503.0  047.9278103  015.8616469  47858.63 99
123503.5  047.9278103  015.8616469  47860.66 99
123504.0  047.9278103  015.8616469  47861.53 99
123504.5  047.9278103  015.8616473  47871.60 99
123505.0  047.9278103  015.8616473  47876.03 99
123505.5  047.9278103  015.8616473  47880.21 99
123506.0  047.9278103  015.8616473  47877.65 99
123507.5  047.9278103  015.8616473  47881.51 99
123508.0  047.9278103  015.8616473  47873.52 99
123508.5  047.9278098  015.8616473  47866.62 99
123509.0  047.9278098  015.8616473  47868.14 99
123509.5  047.9278103  015.8616473  47870.77 99
123510.0  047.9278103  015.8616473  47870.86 99
123510.5  047.9278103  015.8616473  47871.84 99
123511.0  047.9278103  015.8616473  47872.73 99
123511.5  047.9278098  015.8616473  47873.17 99
123512.0  047.9278098  015.8616473  47871.71 99
123512.5  047.9278098  015.8616473  47871.54 99
123513.0  047.9278098  015.8616473  47869.77 99
123514.5  047.9278098  015.8616478  47869.65 99
123515.0  047.9278098  015.8616478  47870.39 99
123515.5  047.9278098  015.8616478  47870.46 99
123516.0  047.9278098  015.8616478  47870.92 99
123516.5  047.9278098  015.8616478  47867.82 99
123517.0  047.9278098  015.8616478  47853.37 99
123517.5  047.9278098  015.8616478  47842.83 99
123518.0  047.9278098  015.8616478  47845.78 99
123518.5  047.9278098  015.8616482  47844.04 99
123519.0  047.9278098  015.8616482  47844.83 99
123519.5  047.9278103  015.8616482  47843.52 99
123520.0  047.9278103  015.8616482  47843.78 99
123521.5  047.9278103  015.8616486  47844.97 99
123522.0  047.9278103  015.8616486  47845.56 99
123522.5  047.9278103  015.8616486  47848.66 99
123523.0  047.9278103  015.8616486  47847.84 99
123523.5  047.9278103  015.8616490  47847.17 99
123524.0  047.9278103  015.8616490  47846.01 99
123524.5  047.9278107  015.8616490  47845.52 99
123525.0  047.9278107  015.8616490  47844.81 99
123525.5  047.9278107  015.8616490  47847.05 99
123526.0  047.9278107  015.8616490  47848.90 99
123527.5  047.9278111  015.8616495  47852.57 99
123528.0  047.9278111  015.8616495  47849.69 99
123528.5  047.9278111  015.8616499  47850.22 99
123529.0  047.9278111  015.8616499  47848.50 99
123529.5  047.9278111  015.8616499  47846.78 99
123530.0  047.9278111  015.8616499  47848.51 99
123530.5  047.9278111  015.8616499  47848.02 99
123531.0  047.9278111  015.8616499  47848.92 99
123531.5  047.9278111  015.8616499  47849.01 99
123532.0  047.9278111  015.8616499  47848.79 99
123533.5  047.9278111  015.8616499  47854.89 99
123534.0  047.9278111  015.8616499  47852.82 99
123534.5  047.9278107  015.8616499  47850.98 99
123535.0  047.9278107  015.8616499  47850.11 99
123535.5  047.9278103  015.8616499  47835.55 99
123536.0  047.9278103  015.8616499  47823.60 99
123536.5  047.9278103  015.8616499  47826.30 99
123537.0  047.9278103  015.8616499  47835.47 99
123537.5  047.9278103  015.8616499  47838.57 99
123538.0  047.9278103  015.8616499  47836.39 99
123539.5  047.9278103  015.8616499  47841.98 99
123540.0  047.9278103  015.8616499  47842.32 99
123540.5  047.9278103  015.8616499  47843.33 99
123541.0  047.9278103  015.8616499  47842.66 99
123541.5  047.9278107  015.8616503  47842.00 99
123542.0  047.9278107  015.8616503  47843.58 99
123542.5  047.9278107  015.8616503  47854.95 99
123543.0  047.9278107  015.8616503  47856.40 99
123543.5  047.9278107  015.8616503  47857.97 99
123544.0  047.9278107  015.8616503  47855.02 99
123545.5  047.9278107  015.8616503  47849.03 99
123546.0  047.9278107  015.8616503  47849.28 99
123546.5  047.9278107  015.8616503  47849.71 99
123547.0  047.9278107  015.8616503  47850.54 99
123547.5  047.9278107  015.8616503  47856.48 99
123548.0  047.9278107  015.8616503  47881.89 99
123548.5  047.9278107  015.8616503  47901.16 99
123549.0  047.9278107  015.8616503  47909.53 99
123549.5  047.9278107  015.8616503  47909.13 99
123550.0  047.9278107  015.8616503  47900.72 99
123551.5  047.9278107  015.8616499  47917.37 99
123552.0  047.9278107  015.8616499  47914.08 99
123552.5  047.9278107  015.8616499  47910.51 99
123553.0  047.9278107  015.8616499  47901.20 99
123553.5  047.9278107  015.8616499  47895.21 99
123554.0  047.9278107  015.8616499  47895.80 99
123554.5  047.9278107  015.8616499  47899.43 99
123555.0  047.9278107  015.8616499  47906.34 99
123555.5  047.9278107  015.8616499  47904.83 99
123556.0  047.9278107  015.8616499  47901.87 99
123556.5  047.9278107  015.8616499  47901.38 99
123557.0  047.9278107  015.8616499  47900.99 99
123558.5  047.9278107  015.8616499  47899.76 99
123559.0  047.9278107  015.8616499  47900.22 99
123559.5  047.9278107  015.8616499  47901.36 99
123600.0  047.9278107  015.8616499  47901.78 99
123600.5  047.9278107  015.8616499  47902.85 99
123601.0  047.9278107  015.8616499  47902.21 99
123601.5  047.9278107  015.8616495  47901.10 99
123602.0  047.9278107  015.8616495  47903.97 99
123602.5  047.9278107  015.8616495  47906.98 99
123603.0  047.9278107  015.8616495  47901.91 99
123604.5  047.9278107  015.8616495  47921.12 99
123605.0  047.9278107  015.8616495  47913.31 99
123605.5  047.9278107  015.8616495  47901.77 99
123606.0  047.9278107  015.8616495  47909.71 99
123606.5  047.9278107  015.8616495  47910.88 99
123607.0  047.9278107  015.8616495  47912.78 99
123607.5  047.9278103  015.8616495  47911.64 99
123608.0  047.9278103  015.8616495  47912.36 99
123608.5  047.9278103  015.8616495  47912.89 99
123609.0  047.9278103  015.8616495  47912.94 99
123609.5  047.9278103  015.8616495  47911.41 99
123610.0  047.9278103  015.8616495  47913.74 99
123611.5  047.9278103  015.8616490  47914.33 99
123612.0  047.9278103  015.8616490  47913.67 99
123612.5  047.9278103  015.8616490  47913.62 99
123613.0  047.9278103  015.8616490  47914.16 99
123613.5  047.9278103  015.8616490  47913.30 99
123614.0  047.9278103  015.8616490  47910.55 99
123614.5  047.9278098  015.8616490  47912.66 99
123615.0  047.9278098  015.8616490  47914.38 99
123615.5  047.9278098  015.8616490  47911.97 99
123616.0  047.9278098  015.8616490  47918.20 99
123617.5  047.9278098  015.8616490  47917.91 99
123618.0  047.9278098  015.8616490  47916.59 99
123618.5  047.9278098  015.8616486  47917.85 99
123619.0  047.9278098  015.8616486  47919.60 99
123619.5  047.9278098  015.8616486  47918.78 99
123620.0  047.9278098  015.8616486  47917.77 99
123620.5  047.9278098  015.8616486  47916.44 99
123621.0  047.9278098  015.8616486  47916.03 99
123621.5  047.9278098  015.8616486  47914.64 99
123622.0  047.9278098  015.8616486  47915.38 99
123623.5  047.9278098  015.8616486  47914.78 99
123624.0  047.9278098  015.8616486  47915.07 99
123624.5  047.9278098  015.8616486  47914.25 99
123625.0  047.9278098  015.8616486  47914.18 99
123625.5  047.9278098  015.8616482  47914.11 99
123626.0  047.9278098  015.8616482  47912.70 99
123626.5  047.9278098  015.8616482  47913.02 99
123627.0  047.9278098  015.8616482  47913.82 99
123627.5  047.9278098  015.8616482  47913.47 99
123628.0  047.9278098  015.8616482  47912.08 99
123629.5  047.9278098  015.8616482  47911.43 99
123630.0  047.9278098  015.8616482  47913.30 99
123630.5  047.9278098  015.8616478  47912.92 99
123631.0  047.9278098  015.8616478  47911.04 99
123631.5  047.9278094  015.8616478  47911.40 99
123632.0  047.9278094  015.8616478  47910.23 99
123632.5  047.9278094  015.8616478  47908.84 99
123633.0  047.9278094  015.8616478  47911.33 99
123633.5  047.9278094  015.8616478  47913.04 99
123634.0  047.9278094  015.8616478  47913.89 99
123635.5  047.9278094  015.8616473  47914.33 99
123636.0  047.9278094  015.8616473  47914.47 99
123636.5  047.9278094  015.8616473  47914.40 99
123637.0  047.9278094  015.8616473  47915.83 99
123637.5  047.9278094  015.8616473  47915.81 99
123638.0  047.9278094  015.8616473  47914.70 99
123638.5  047.9278094  015.8616473  47916.08 99
123639.0  047.9278094  015.8616473  47915.83 99
123639.5  047.9278094  015.8616469  47914.65 99
123640.0  047.9278094  015.8616469  47913.15 99
123641.5  047.9278090  015.8616469  47909.17 99
123642.0  047.9278090  015.8616469  47910.42 99
123642.5  047.9278090  015.8616469  47912.96 99
123643.0  047.9278090  015.8616469  47914.02 99
123643.5  047.9278090  015.8616465  47911.91 99
123644.0  047.9278090  015.8616465  47911.79 99
123644.5  047.9278090  015.8616465  47913.44 99
123645.0  047.9278090  015.8616465  47913.53 99
123645.5  047.9278090  015.8616465  47913.08 99
123646.0  047.9278090  015.8616465  47914.47 99
123647.5  047.9278086  015.8616461  47911.20 99
123648.0  047.9278086  015.8616461  47909.27 99
123648.5  047.9278086  015.8616461  47906.59 99
123649.0  047.9278086  015.8616461  47906.27 99
123649.5  047.9278086  015.8616461  47916.63 99
123650.0  047.9278086  015.8616461  47924.31 99
123650.5  047.9278086  015.8616456  47924.07 99
123651.0  047.9278086  015.8616456  47926.09 99
123651.5  047.9278086  015.8616456  47924.01 99
123652.0  047.9278086  015.8616456  47922.72 99
123652.5  047.9278086  015.8616456  47932.05 99
123653.0  047.9278086  015.8616456  47930.34 99
123654.5  047.9278081  015.8616452  47928.28 99
123655.0  047.9278081  015.8616452  47932.16 99
123655.5  047.9278081  015.8616452  47930.02 99
123656.0  047.9278081  015.8616452  47929.87 99
123656.5  047.9278081  015.8616452  47930.90 99
123657.0  047.9278081  015.8616452  47922.79 99
123657.5  047.9278081  015.8616452  47922.64 99
123658.0  047.9278081  015.8616452  47932.29 99
123658.5  047.9278081  015.8616448  47924.95 99
123659.0  047.9278081  015.8616448  47925.88 99
123659.5  047.9278081  015.8616448  47926.35 99
123700.0  047.9278081  015.8616448  47926.19 99
123701.5  047.9278081  015.8616448  47926.89 99
123702.0  047.9278081  015.8616448  47924.61 99
123702.5  047.9278081  015.8616448  47923.21 99
123703.0  047.9278081  015.8616448  47923.14 99
123703.5  047.9278081  015.8616443  47921.91 99
123704.0  047.9278081  015.8616443  47923.22 99
123704.5  047.9278081  015.8616443  47924.86 99
123705.0  047.9278081  015.8616443  47925.03 99
123705.5  047.9278081  015.8616443  47925.33 99
123706.0  047.9278081  015.8616443  47925.55 99
123707.5  047.9278081  015.8616443  47924.55 99
123708.0  047.9278081  015.8616443  47924.25 99
123708.5  047.9278081  015.8616443  47924.61 99
123709.0  047.9278081  015.8616443  47924.82 99
123709.5  047.9278081  015.8616443  47925.53 99
123710.0  047.9278081  015.8616443  47925.56 99
123710.5  047.9278081  015.8616439  47924.97 99
123711.0  047.9278081  015.8616439  47924.79 99
123711.5  047.9278081  015.8616439  47925.75 99
123712.0  047.9278081  015.8616439  47925.84 99
123713.5  047.9278081  015.8616439  47927.53 99
123714.0  047.9278081  015.8616439  47928.46 99
123714.5  047.9278086  015.8616439  47928.69 99
123715.0  047.9278086  015.8616439  47928.58 99
123715.5  047.9278086  015.8616439  47928.58 99
123716.0  047.9278086  015.8616439  47927.51 99
123716.5  047.9278086  015.8616439  47926.29 99
123717.0  047.9278086  015.8616439  47926.16 99
123717.5  047.9278086  015.8616435  47917.34 99
123718.0  047.9278086  015.8616435  47909.18 99
123719.5  047.9278086  015.8616435  47914.91 99
123720.0  047.9278086  015.8616435  47917.64 99
123720.5  047.9278086  015.8616435  47917.92 99
123721.0  047.9278086  015.8616435  47916.19 99
123721.5  047.9278086  015.8616435  47917.04 99
123722.0  047.9278086  015.8616435  47917.55 99
123722.5  047.9278086  015.8616435  47919.28 99
123723.0  047.9278086  015.8616435  47914.17 99
123723.5  047.9278086  015.8616431  47911.10 99
123724.0  047.9278086  015.8616431  47907.57 99
123724.5  047.9278090  015.8616431  47903.32 99
123725.0  047.9278090  015.8616431  47901.09 99
123726.5  047.9278090  015.8616431  47912.86 99
123727.0  047.9278090  015.8616431  47913.04 99
123727.5  047.9278090  015.8616431  47915.68 99
123728.0  047.9278090  015.8616431  47915.31 99
123728.5  047.9278090  015.8616431  47917.33 99
123729.0  047.9278090  015.8616431  47917.31 99
123729.5  047.9278090  015.8616426  47915.39 99
123730.0  047.9278090  015.8616426  47909.30 99
123730.5  047.9278090  015.8616426  47903.87 99
123731.0  047.9278090  015.8616426  47909.04 99
123731.5  047.9278090  015.8616426  47909.88 99
123732.0  047.9278090  015.8616426  47910.08 99
123733.5  047.9278090  015.8616426  47908.04 99
123734.0  047.9278090  015.8616426  47910.96 99
123734.5  047.9278090  015.8616426  47911.79 99
123735.0  047.9278090  015.8616426  47913.28 99
123735.5  047.9278090  015.8616422  47913.84 99
123736.0  047.9278090  015.8616422  47913.38 99
123736.5  047.9278090  015.8616422  47912.91 99
123737.0  047.9278090  015.8616422  47913.96 99
123737.5  047.9278090  015.8616422  47914.03 99
123738.0  047.9278090  015.8616422  47912.34 99
123738.5  047.9278090  015.8616422  47912.06 99
123739.0  047.9278090  015.8616422  47913.00 99
123740.5  047.9278090  015.8616422  47915.53 99
123741.0  047.9278090  015.8616422  47919.67 99
123741.5  047.9278090  015.8616422  47919.36 99
123742.0  047.9278090  015.8616422  47918.05 99
123742.5  047.9278090  015.8616422  47918.84 99
123743.0  047.9278090  015.8616422  47916.83 99
123743.5  047.9278094  015.8616418  47918.06 99
123744.0  047.9278094  015.8616418  47918.30 99
123744.5  047.9278094  015.8616418  47917.95 99
123745.0  047.9278094  015.8616418  47916.28 99
123745.5  047.9278094  015.8616418  47914.12 99
123746.0  047.9278094  015.8616418  47914.46 99
123747.5  047.9278094  015.8616418  47917.41 99
123748.0  047.9278094  015.8616418  47917.88 99
123748.5  047.9278094  015.8616418  47917.71 99
123749.0  047.9278094  015.8616418  47916.59 99
123749.5  047.9278094  015.8616418  47915.38 99
123750.0  047.9278094  015.8616418  47915.08 99
123750.5  047.9278094  015.8616418  47915.46 99
123751.0  047.9278094  015.8616418  47915.48 99
123751.5  047.9278094  015.8616418  47915.67 99
123752.0  047.9278094  015.8616418  47918.97 99
123752.5  047.9278094  015.8616418  47921.31 99
123753.0  047.9278094  015.8616418  47920.28 99
123754.5  047.9278094  015.8616414  47917.01 99
123755.0  047.9278094  015.8616414  47915.21 99
123755.5  047.9278094  015.8616414  47913.31 99
123756.0  047.9278094  015.8616414  47913.23 99
123756.5  047.9278094  015.8616414  47912.22 99
123757.0  047.9278094  015.8616414  47911.78 99
123757.5  047.9278094  015.8616414  47911.17 99
123758.0  047.9278094  015.8616414  47911.80 99
123758.5  047.9278094  015.8616414  47912.59 99
123759.0  047.9278094  015.8616414  47912.82 99
123800.5  047.9278094  015.8616414  47915.22 99
123801.0  047.9278094  015.8616414  47916.64 99
123801.5  047.9278094  015.8616414  47917.52 99
123802.0  047.9278094  015.8616414  47917.46 99
123802.5  047.9278094  015.8616414  47916.12 99
123803.0  047.9278094  015.8616414  47916.46 99
123803.5  047.9278094  015.8616409  47916.23 99
123804.0  047.9278094  015.8616409  47917.95 99
123804.5  047.9278094  015.8616409  47916.75 99
123805.0  047.9278094  015.8616409  47918.50 99
123806.5  047.9278094  015.8616409  47917.51 99
123807.0  047.9278094  015.8616409  47917.43 99
123807.5  047.9278094  015.8616409  47915.83 99
123808.0  047.9278094  015.8616409  47916.69 99
123808.5  047.9278094  015.8616409  47917.77 99
123809.0  047.9278094  015.8616409  47915.72 99
123809.5  047.9278094  015.8616409  47914.92 99
123810.0  047.9278094  015.8616409  47920.77 99
123810.5  047.9278094  015.8616409  47924.54 99
123811.0  047.9278094  015.8616409  47921.58 99
123812.5  047.9278094  015.8616405  47909.68 99
123813.0  047.9278094  015.8616405  47909.23 99
123813.5  047.9278094  015.8616405  47909.28 99
123814.0  047.9278094  015.8616405  47912.66 99
123814.5  047.9278094  015.8616405  47913.98 99
123815.0  047.9278094  015.8616405  47914.73 99
123815.5  047.9278094  015.8616405  47916.79 99
123816.0  047.9278094  015.8616405  47917.75 99
123816.5  047.9278094  015.8616405  47916.43 99
123817.0  047.9278094  015.8616405  47913.95 99
123817.5  047.9278094  015.8616405  47912.53 99
123818.0  047.9278094  015.8616405  47913.42 99
123819.5  047.9278094  015.8616405  47916.54 99
123820.0  047.9278094  015.8616405  47913.30 99
123820.5  047.9278094  015.8616405  47912.51 99
123821.0  047.9278094  015.8616405  47915.34 99
123821.5  047.9278094  015.8616405  47914.09 99
123822.0  047.9278094  015.8616405  47913.16 99
123822.5  047.9278094  015.8616405  47911.93 99
123823.0  047.9278094  015.8616405  47915.12 99
123823.5  047.9278098  015.8616405  47918.02 99
123824.0  047.9278098  015.8616405  47918.34 99
123824.5  047.9278098  015.8616405  47917.71 99
123825.0  047.9278098  015.8616405  47917.27 99
123826.5  047.9278098  015.8616405  47920.23 99
123827.0  047.9278098  015.8616405  47920.84 99
123827.5  047.9278098  015.8616405  47920.30 99
123828.0  047.9278098  015.8616405  47919.08 99
123828.5  047.9278098  015.8616405  47918.31 99
123829.0  047.9278098  015.8616405  47919.23 99
123829.5  047.9278098  015.8616405  47921.64 99
123830.0  047.9278098  015.8616405  47926.74 99
123830.5  047.9278098  015.8616405  47925.69 99
123831.0  047.9278098  015.8616405  47926.01 99
123831.5  047.9278098  015.8616405  47926.49 99
123832.0  047.9278098  015.8616405  47925.23 99
123833.5  047.9278098  015.8616405  47918.71 99
123834.0  047.9278098  015.8616405  47918.77 99
123834.5  047.9278098  015.8616405  47919.54 99
123835.0  047.9278098  015.8616405  47920.57 99
123835.5  047.9278098  015.8616405  47921.61 99
123836.0  047.9278098  015.8616405  47922.97 99
123836.5  047.9278098  015.8616405  47924.73 99
123837.0  047.9278098  015.8616405  47925.14 99
123837.5  047.9278098  015.8616405  47926.04 99
123838.0  047.9278098  015.8616405  47923.43 99
123838.5  047.9278098  015.8616405  47922.98 99
123839.0  047.9278098  015.8616405  47920.34 99
123840.5  047.9278103  015.8616401  47920.83 99
123841.0  047.9278103  015.8616401  47918.48 99
123841.5  047.9278103  015.8616401  47916.59 99
123842.0  047.9278103  015.8616401  47916.03 99
123842.5  047.9278103  015.8616401  47922.15 99
123843.0  047.9278103  015.8616401  47923.04 99
123843.5  047.9278103  015.8616405  47923.85 99
123844.0  047.9278103  015.8616405  47927.43 99
123844.5  047.9278103  015.8616405  47927.65 99
123845.0  047.9278103  015.8616405  47927.38 99
123845.5  047.9278103  015.8616405  47926.96 99
123846.0  047.9278103  015.8616405  47926.62 99
123847.5  047.9278098  015.8616405  47928.05 99
123848.0  047.9278098  015.8616405  47929.13 99
123848.5  047.9278098  015.8616401  47929.22 99
123849.0  047.9278098  015.8616401  47928.02 99
123849.5  047.9278098  015.8616401  47925.99 99
123850.0  047.9278098  015.8616401  47918.66 99
123850.5  047.9278098  015.8616401  47916.44 99
123851.0  047.9278098  015.8616401  47917.04 99
123851.5  047.9278098  015.8616401  47917.06 99
123852.0  047.9278098  015.8616401  47917.26 99
123853.5  047.9278098  015.8616401  47918.68 99
123854.0  047.9278098  015.8616401  47920.10 99
123854.5  047.9278098  015.8616401  47923.45 99
123855.0  047.9278098  015.8616401  47928.07 99
123855.5  047.9278098  015.8616401  47929.74 99
123856.0  047.9278098  015.8616401  47916.31 99
123856.5  047.9278098  015.8616401  47905.94 99
123857.0  047.9278098  015.8616401  47907.54 99
123857.5  047.9278098  015.8616401  47903.05 99
123858.0  047.9278098  015.8616401  47900.42 99
123859.5  047.9278098  015.8616401  47926.30 99
123900.0  047.9278098  015.8616401  47929.81 99
123900.5  047.9278098  015.8616401  47930.42 99
123901.0  047.9278098  015.8616401  47921.14 99
123901.5  047.9278098  015.8616401  47917.25 99
123902.0  047.9278098  015.8616401  47917.06 99
123902.5  047.9278098  015.8616401  47917.06 99
123903.0  047.9278098  015.8616401  47917.98 99
123903.5  047.9278103  015.8616401  47917.77 99
123904.0  047.9278103  015.8616401  47918.74 99
123905.5  047.9278103  015.8616401  47920.94 99
123906.0  047.9278103  015.8616401  47922.19 99
123906.5  047.9278103  015.8616401  47920.81 99
123907.0  047.9278103  015.8616401  47917.85 99
123907.5  047.9278103  015.8616401  47910.04 99
123908.0  047.9278103  015.8616401  47909.83 99
123908.5  047.9278103  015.8616401  47909.54 99
123909.0  047.9278103  015.8616401  47910.82 99
123909.5  047.9278103  015.8616401  47914.85 99
123910.0  047.9278103  015.8616401  47916.59 99
123910.5  047.9278103  015.8616401  47915.40 99
123911.0  047.9278103  015.8616401  47914.24 99
123912.5  047.9278098  015.8616405  47912.58 99
123913.0  047.9278098  015.8616405  47911.73 99
123913.5  047.9278098  015.8616405  47911.39 99
123914.0  047.9278098  015.8616405  47913.67 99
123914.5  047.9278098  015.8616405  47916.88 99
123915.0  047.9278098  015.8616405  47915.69 99
123915.5  047.9278098  015.8616405  47916.86 99
123916.0  047.9278098  015.8616405  47918.18 99
123916.5  047.9278098  015.8616405  47918.24 99
123917.0  047.9278098  015.8616405  47917.43 99
123917.5  047.9278098  015.8616405  47916.81 99
123918.0  047.9278098  015.8616405  47917.72 99
123919.5  047.9278094  015.8616405  47919.84 99
123920.0  047.9278094  015.8616405  47920.29 99
123920.5  047.9278094  015.8616405  47920.96 99
123921.0  047.9278094  015.8616405  47919.79 99
123921.5  047.9278094  015.8616405  47921.52 99
123922.0  047.9278094  015.8616405  47919.77 99
123922.5  047.9278094  015.8616405  47920.44 99
123923.0  047.9278094  015.8616405  47920.94 99
123923.5  047.9278090  015.8616405  47920.07 99
123924.0  047.9278090  015.8616405  47919.98 99
123924.5  047.9278090  015.8616405  47917.30 99
123925.0  047.9278090  015.8616405  47914.18 99
123926.5  047.9278090  015.8616405  47908.67 99
123927.0  047.9278090  015.8616405  47908.85 99
123927.5  047.9278090  015.8616405  47928.15 99
123928.0  047.9278090  015.8616405  47930.50 99
123928.5  047.9278090  015.8616405  47931.30 99
123929.0  047.9278090  015.8616405  47930.50 99
123929.5  047.9278090  015.8616405  47927.32 99
123930.0  047.9278090  015.8616405  47916.06 99
123930.5  047.9278090  015.8616405  47909.27 99
123931.0  047.9278090  015.8616405  47916.09 99
123931.5  047.9278090  015.8616405  47923.97 99
123932.0  047.9278090  015.8616405  47909.82 99
123933.5  047.9278090  015.8616401  47908.59 99
123934.0  047.9278090  015.8616401  47910.82 99
123934.5  047.9278090  015.8616401  47916.26 99
123935.0  047.9278090  015.8616401  47925.28 99
123935.5  047.9278090  015.8616401  47917.23 99
123936.0  047.9278090  015.8616401  47914.08 99
123936.5  047.9278090  015.8616401  47919.21 99
123937.0  047.9278090  015.8616401  47921.48 99
123937.5  047.9278090  015.8616401  47923.49 99
123938.0  047.9278090  015.8616401  47927.89 99
123938.5  047.9278090  015.8616401  47931.25 99
123939.0  047.9278090  015.8616401  47933.35 99
123940.5  047.9278094  015.8616401  47923.55 99
123941.0  047.9278094  015.8616401  47921.26 99
123941.5  047.9278094  015.8616401  47919.34 99
123942.0  047.9278094  015.8616401  47914.68 99
123942.5  047.9278094  015.8616401  47912.56 99
123943.0  047.9278094  015.8616401  47910.95 99
123943.5  047.9278094  015.8616401  47908.53 99
123944.0  047.9278094  015.8616401  47908.36 99
123944.5  047.9278094  015.8616401  47911.33 99
123945.0  047.9278094  015.8616401  47912.32 99
123945.5  047.9278094  015.8616401  47904.76 99
123946.0  047.9278094  015.8616401  47908.20 99
123947.5  047.9278094  015.8616401  47915.54 99
123948.0  047.9278094  015.8616401  47916.40 99
123948.5  047.9278094  015.8616401  47917.49 99
123949.0  047.9278094  015.8616401  47920.13 99
123949.5  047.9278094  015.8616401  47922.71 99
123950.0  047.9278094  015.8616401  47927.79 99
123950.5  047.9278094  015.8616401  47930.70 99
123951.0  047.9278094  015.8616401  47927.37 99
123951.5  047.9278094  015.8616401  47919.28 99
123952.0  047.9278094  015.8616401  47919.53 99
123952.5  047.9278094  015.8616396  47919.06 99
123953.0  047.9278094  015.8616396  47918.53 99
123954.5  047.9278094  015.8616396  47919.20 99
123955.0  047.9278094  015.8616396  47920.66 99
123955.5  047.9278090  015.8616396  47928.59 99
123956.0  047.9278090  015.8616396  47929.36 99
123956.5  047.9278090  015.8616396  47924.55 99
123957.0  047.9278090  015.8616396  47919.51 99
123957.5  047.9278090  015.8616396  47919.92 99
123958.0  047.9278090  015.8616396  47919.40 99
123958.5  047.9278090  015.8616396  47919.17 99
123959.0  047.9278090  015.8616396  47920.77 99
123959.5  047.9278090  015.8616396  47922.10 99
124000.0  047.9278090  015.8616396  47920.76 99
124001.5  047.9278090  015.8616396  47920.53 99
124002.0  047.9278090  015.8616396  47920.74 99
124002.5  047.9278090  015.8616396  47919.88 99
124003.0  047.9278090  015.8616396  47920.55 99
124003.5  047.9278090  015.8616396  47919.84 99
124004.0  047.9278090  015.8616396  47918.56 99
124004.5  047.9278090  015.8616396  47916.85 99
124005.0  047.9278090  015.8616396  47918.29 99
124005.5  047.9278090  015.8616396  47918.05 99
124006.0  047.9278090  015.8616396  47917.81 99
124006.5  047.9278090  015.8616396  47919.34 99
124007.0  047.9278090  015.8616396  47920.07 99
124008.5  047.9278090  015.8616396  47925.13 99
124009.0  047.9278090  015.8616396  47924.39 99
124009.5  047.9278090  015.8616401  47924.14 99
124010.0  047.9278090  015.8616401  47919.63 99
124010.5  047.9278090  015.8616401  47917.06 99
124011.0  047.9278090  015.8616401  47919.05 99
124011.5  047.9278090  015.8616401  47922.73 99
124012.0  047.9278090  015.8616401  47923.23 99
124012.5  047.9278090  015.8616401  47924.13 99
124013.0  047.9278090  015.8616401  47927.17 99
124013.5  047.9278090  015.8616401  47933.68 99
124014.0  047.9278090  015.8616401  47929.89 99
124015.5  047.9278086  015.8616401  47921.53 99
124016.0  047.9278086  015.8616401  47925.57 99
124016.5  047.9278086  015.8616401  47934.42 99
124017.0  047.9278086  015.8616401  47931.57 99
124017.5  047.9278086  015.8616401  47932.62 99
124018.0  047.9278086  015.8616401  47937.53 99
124018.5  047.9278086  015.8616405  47935.22 99
124019.0  047.9278086  015.8616405  47932.77 99
124019.5  047.9278086  015.8616405  47931.99 99
124020.0  047.9278086  015.8616405  47931.37 99
124020.5  047.9278086  015.8616405  47925.56 99
124021.0  047.9278086  015.8616405  47913.10 99
124022.5  047.9278086  015.8616405  47916.07 99
124023.0  047.9278086  015.8616405  47917.58 99
124023.5  047.9278081  015.8616405  47916.98 99
124024.0  047.9278081  015.8616405  47916.20 99
124024.5  047.9278081  015.8616405  47920.46 99
124025.0  047.9278081  015.8616405  47921.45 99
124025.5  047.9278081  015.8616409  47918.87 99
124026.0  047.9278081  015.8616409  47912.83 99
124026.5  047.9278081  015.8616409  47907.71 99
124027.0  047.9278081  015.8616409  47907.83 99
124027.5  047.9278081  015.8616409  47903.40 99
124028.0  047.9278081  015.8616409  47899.20 99
124029.5  047.9278081  015.8616409  47886.38 99
124030.0  047.9278081  015.8616409  47878.98 99
124030.5  047.9278081  015.8616409  47868.44 99
124031.0  047.9278081  015.8616409  47853.20 99
124031.5  047.9278081  015.8616414  47821.16 99
124032.0  047.9278081  015.8616414  47787.13 99
124032.5  047.9278081  015.8616414  47740.94 99
124033.0  047.9278081  015.8616414  47706.81 99
124033.5  047.9278081  015.8616414  47674.67 99
124034.0  047.9278081  015.8616414  47661.22 99
124034.5  047.9278077  015.8616414  47663.48 99
124035.0  047.9278077  015.8616414  47682.25 99
124036.5  047.9278077  015.8616414  47769.97 99
124037.0  047.9278077  015.8616414  47802.54 99
124037.5  047.9278077  015.8616414  47829.02 99
124038.0  047.9278077  015.8616414  47854.34 99
124038.5  047.9278077  015.8616418  47875.43 99
124039.0  047.9278077  015.8616418  47886.55 99
124039.5  047.9278077  015.8616418  47899.81 99
124040.0  047.9278077  015.8616418  47904.72 99
124040.5  047.9278077  015.8616418  47909.86 99
124041.0  047.9278077  015.8616418  47913.89 99
124041.5  047.9278077  015.8616418  47917.09 99
124042.0  047.9278077  015.8616418  47922.05 99
124043.5  047.9278077  015.8616418  47925.86 99
124044.0  047.9278077  015.8616418  47926.48 99
124044.5  047.9278073  015.8616418  47927.34 99
124045.0  047.9278073  015.8616418  47927.27 99
124045.5  047.9278073  015.8616418  47927.25 99
124046.0  047.9278073  015.8616418  47927.42 99
124046.5  047.9278073  015.8616422  47926.99 99
124047.0  047.9278073  015.8616422  47927.99 99
124047.5  047.9278073  015.8616422  47928.89 99
124048.0  047.9278073  015.8616422  47929.33 99
124048.5  047.9278073  015.8616422  47929.64 99
124049.0  047.9278073  015.8616422  47930.59 99
124050.5  047.9278073  015.8616422  47935.74 99
124051.0  047.9278073  015.8616422  47926.49 99
124051.5  047.9278073  015.8616422  47922.92 99
124052.0  047.9278073  015.8616422  47924.95 99
124052.5  047.9278073  015.8616422  47923.24 99
124053.0  047.9278073  015.8616422  47921.85 99
124053.5  047.9278073  015.8616422  47921.77 99
124054.0  047.9278073  015.8616422  47922.41 99
124054.5  047.9278073  015.8616418  47922.18 99
124055.0  047.9278073  015.8616418  47925.40 99
124055.5  047.9278073  015.8616418  47929.65 99
124056.0  047.9278073  015.8616418  47932.30 99
124057.5  047.9278073  015.8616418  47932.54 99
124058.0  047.9278073  015.8616418  47935.33 99
124058.5  047.9278073  015.8616418  47936.86 99
124059.0  047.9278073  015.8616418  47935.73 99
124059.5  047.9278073  015.8616414  47933.95 99
124100.0  047.9278073  015.8616414  47932.92 99
124100.5  047.9278073  015.8616414  47927.90 99
124101.0  047.9278073  015.8616414  47926.41 99
124101.5  047.9278073  015.8616414  47927.14 99
124102.0  047.9278073  015.8616414  47926.77 99
124103.5  047.9278073  015.8616409  47925.43 99
124104.0  047.9278073  015.8616409  47925.24 99
124104.5  047.9278073  015.8616409  47925.39 99
124105.0  047.9278073  015.8616409  47925.69 99
124105.5  047.9278073  015.8616409  47925.82 99
124106.0  047.9278073  015.8616409  47925.87 99
124106.5  047.9278073  015.8616405  47926.02 99
124107.0  047.9278073  015.8616405  47926.47 99
124107.5  047.9278073  015.8616405  47926.10 99
124108.0  047.9278073  015.8616405  47926.00 99
124109.5  047.9278073  015.8616401  47933.72 99
124110.0  047.9278073  015.8616401  47934.39 99
124110.5  047.9278073  015.8616396  47932.74 99
124111.0  047.9278073  015.8616396  47929.85 99
124111.5  047.9278073  015.8616396  47927.01 99
124112.0  047.9278073  015.8616396  47926.91 99
124112.5  047.9278073  015.8616392  47927.01 99
124113.0  047.9278073  015.8616392  47926.80 99
124113.5  047.9278073  015.8616392  47926.66 99
124114.0  047.9278073  015.8616392  47926.62 99
124115.5  047.9278069  015.8616388  47925.14 99
124116.0  047.9278069  015.8616388  47926.56 99
124116.5  047.9278069  015.8616384  47926.40 99
124117.0  047.9278069  015.8616384  47926.02 99
124117.5  047.9278069  015.8616384  47925.69 99
124118.0  047.9278069  015.8616384  47926.00 99
124118.5  047.9278069  015.8616379  47926.06 99
124119.0  047.9278069  015.8616379  47925.81 99
124119.5  047.9278069  015.8616379  47925.52 99
124120.0  047.9278069  015.8616379  47925.67 99
124120.5  047.9278069  015.8616375  47925.68 99
124121.0  047.9278069  015.8616375  47925.50 99
124122.5  047.9278069  015.8616371  47931.06 99
124123.0  047.9278069  015.8616371  47931.24 99
124123.5  047.9278069  015.8616367  47928.05 99
124124.0  047.9278069  015.8616367  47926.38 99
124124.5  047.9278069  015.8616367  47928.44 99
124125.0  047.9278069  015.8616367  47929.36 99
124125.5  047.9278069  015.8616362  47930.81 99
124126.0  047.9278069  015.8616362  47928.31 99
124126.5  047.9278069  015.8616362  47924.54 99
124127.0  047.9278069  015.8616362  47923.19 99
124127.5  047.9278069  015.8616362  47923.71 99
124128.0  047.9278069  015.8616362  47924.68 99
124129.5  047.9278069  015.8616358  47926.72 99
124130.0  047.9278069  015.8616358  47927.45 99
124130.5  047.9278073  015.8616354  47928.00 99
124131.0  047.9278073  015.8616354  47927.97 99
124131.5  047.9278073  015.8616354  47927.16 99
124132.0  047.9278073  015.8616354  47926.38 99
124132.5  047.9278073  015.8616354  47925.48 99
124133.0  047.9278073  015.8616354  47924.56 99
124133.5  047.9278073  015.8616350  47922.61 99
124134.0  047.9278073  015.8616350  47920.55 99
124134.5  047.9278073  015.8616350  47925.03 99
124135.0  047.9278073  015.8616350  47927.66 99
124136.5  047.9278073  015.8616350  47929.40 99
124137.0  047.9278073  015.8616350  47928.83 99
124137.5  047.9278073  015.8616350  47928.29 99
124138.0  047.9278073  015.8616350  47928.07 99
124138.5  047.9278077  015.8616345  47927.29 99
124139.0  047.9278077  015.8616345  47927.19 99
124139.5  047.9278077  015.8616345  47926.40 99
124140.0  047.9278077  015.8616345  47925.65 99
124140.5  047.9278077  015.8616345  47926.32 99
124141.0  047.9278077  015.8616345  47925.90 99
124141.5  047.9278077  015.8616345  47925.08 99
124142.0  047.9278077  015.8616345  47924.73 99
124143.5  047.9278077  015.8616345  47922.18 99
124144.0  047.9278077  015.8616345  47922.63 99
124144.5  047.9278077  015.8616341  47923.70 99
124145.0  047.9278077  015.8616341  47924.33 99
124145.5  047.9278081  015.8616341  47923.76 99
124146.0  047.9278081  015.8616341  47923.15 99
124146.5  047.9278081  015.8616341  47922.09 99
124147.0  047.9278081  015.8616341  47922.37 99
124147.5  047.9278081  015.8616341  47923.34 99
124148.0  047.9278081  015.8616341  47923.76 99
124148.5  047.9278081  015.8616341  47924.94 99
124149.0  047.9278081  015.8616341  47924.93 99
124150.5  047.9278081  015.8616337  47924.50 99
124151.0  047.9278081  015.8616337  47924.84 99
124151.5  047.9278081  015.8616337  47924.77 99
124152.0  047.9278081  015.8616337  47924.94 99
124152.5  047.9278081  015.8616337  47924.19 99
124153.0  047.9278081  015.8616337  47924.04 99
124153.5  047.9278081  015.8616337  47924.04 99
124154.0  047.9278081  015.8616337  47924.16 99
124154.5  047.9278081  015.8616337  47924.70 99
124155.0  047.9278081  015.8616337  47923.96 99
124155.5  047.9278081  015.8616337  47924.16 99
124156.0  047.9278081  015.8616337  47924.30 99
124157.5  047.9278086  015.8616337  47925.23 99
124158.0  047.9278086  015.8616337  47925.14 99
124158.5  047.9278086  015.8616337  47925.05 99
124159.0  047.9278086  015.8616337  47925.32 99
124751.5  047.9278064  015.8616546  47783.78 99
124752.0  047.9278064  015.8616546  47787.84 99
124752.5  047.9278064  015.8616546  47795.34 99
124753.0  047.9278064  015.8616546  47794.00 99
124753.5  047.9278069  015.8616546  47789.49 99
124754.0  047.9278069  015.8616546  47788.75 99
124754.5  047.9278069  015.8616546  47794.21 99
124755.0  047.9278069  015.8616546  47796.66 99
124755.5  047.9278069  015.8616542  47798.88 99
124756.0  047.9278069  015.8616542  47799.35 99
124756.5  047.9278073  015.8616542  47793.67 99
124757.0  047.9278073  015.8616542  47761.84 99
124757.5  047.9278073  015.8616542  47761.16 99
124758.0  047.9278073  015.8616542  47734.74 99
124758.5  047.9278073  015.8616542  47629.03 99
124759.0  047.9278073  015.8616542  47592.62 99
124759.5  047.9278077  015.8616537  47582.30 99
124800.0  047.9278077  015.8616537  47579.30 99
124800.5  047.9278077  015.8616537  47584.94 99
124801.0  047.9278077  015.8616537  47588.23 99
124801.5  047.9278069  015.8616601  47586.79 99
124802.0  047.9278069  015.8616601  47591.58 99
124802.5  047.9278073  015.8616601  47592.87 99
124803.0  047.9278073  015.8616601  47598.03 99
124803.5  047.9278073  015.8616601  47594.07 99
124804.0  047.9278073  015.8616601  47590.61 99
124804.5  047.9278077  015.8616601  47588.05 99
124805.0  047.9278077  015.8616601  47579.82 99
124805.5  047.9278077  015.8616601  47585.70 99
124806.0  047.9278077  015.8616601  47582.10 99
124806.5  047.9278077  015.8616601  47584.62 99
124807.0  047.9278077  015.8616601  47587.81 99
124807.5  047.9278081  015.8616597  47591.86 99
124808.0  047.9278081  015.8616597  47591.89 99
124808.5  047.9278081  015.8616597  47588.86 99
124809.0  047.9278081  015.8616597  47582.96 99
124809.5  047.9278086  015.8616597  47584.43 99
124810.0  047.9278086  015.8616597  47580.72 99
124810.5  047.9278086  015.8616597  47583.00 99
124811.0  047.9278086  015.8616597  47586.51 99
124811.5  047.9278086  015.8616597  47588.04 99
124812.0  047.9278086  015.8616597  47592.48 99
124812.5  047.9278090  015.8616593  47587.97 99
124813.0  047.9278090  015.8616593  47593.63 99
124813.5  047.9278090  015.8616593  47591.46 99
124814.0  047.9278090  015.8616593  47585.29 99
124814.5  047.9278094  015.8616593  47591.24 99
124815.0  047.9278094  015.8616593  47591.56 99
124815.5  047.9278094  015.8616593  47592.37 99
124816.0  047.9278094  015.8616593  47596.03 99
124816.5  047.9278094  015.8616593  47601.25 99
124817.0  047.9278094  015.8616593  47599.79 99
124817.5  047.9278098  015.8616589  47594.93 99
124818.0  047.9278098  015.8616589  47585.58 99
124818.5  047.9278098  015.8616589  47588.22 99
124819.0  047.9278098  015.8616589  47588.35 99
124819.5  047.9278098  015.8616589  47591.34 99
124820.0  047.9278098  015.8616589  47593.72 99
124820.5  047.9278098  015.8616589  47600.58 99
124821.0  047.9278098  015.8616589  47605.69 99
124821.5  047.9278103  015.8616589  47599.13 99
124822.0  047.9278103  015.8616589  47593.95 99
124822.5  047.9278103  015.8616589  47589.52 99
124823.0  047.9278103  015.8616589  47589.66 99
124823.5  047.9278103  015.8616589  47589.99 99
124824.0  047.9278103  015.8616589  47593.98 99
124824.5  047.9278103  015.8616584  47593.37 99
124825.0  047.9278103  015.8616584  47600.94 89
124825.5  047.9278103  015.8616584  47598.48 99
124826.0  047.9278103  015.8616584  47606.42 99
124826.5  047.9278103  015.8616584  47584.26 99
124827.0  047.9278103  015.8616584  47557.31 99
124827.5  047.9278107  015.8616584  47562.15 99
124828.0  047.9278107  015.8616584  47559.87 99
124828.5  047.9278107  015.8616580  47550.57 99
124829.0  047.9278107  015.8616580  47532.32 99
124829.5  047.9278107  015.8616580  47541.66 99
124830.0  047.9278107  015.8616580  47532.73 99
124830.5  047.9278107  015.8616580  47539.73 99
124831.0  047.9278107  015.8616580  47541.23 99
124831.5  047.9278107  015.8616576  47569.02 99
124832.0  047.9278107  015.8616576  47570.11 99
124833.5  047.9278107  015.8616576  47597.39 99
124834.0  047.9278107  015.8616576  47599.92 99
124834.5  047.9278111  015.8616571  47596.82 99
124835.0  047.9278111  015.8616571  47588.95 99
124835.5  047.9278111  015.8616571  47596.74 99
124836.0  047.9278111  015.8616571  47617.33 99
124836.5  047.9278111  015.8616567  47637.65 99
124837.0  047.9278111  015.8616567  47678.95 99
124837.5  047.9278111  015.8616567  47742.66 99
124838.0  047.9278111  015.8616567  47773.31 99
124838.5  047.9278111  015.8616563  47747.43 99
124839.0  047.9278111  015.8616563  47784.85 99
124839.5  047.9278111  015.8616559  47829.12 99
124840.0  047.9278111  015.8616559  47824.67 99
124840.5  047.9278111  015.8616559  47805.38 99
124841.0  047.9278111  015.8616559  47806.57 99
124842.5  047.9278116  015.8616550  47823.90 99
124843.0  047.9278116  015.8616550  47816.08 99
124843.5  047.9278116  015.8616550  47811.19 99
124844.0  047.9278116  015.8616550  47810.47 99
124844.5  047.9278116  015.8616546  47808.86 99
124845.0  047.9278116  015.8616546  47807.95 99
124845.5  047.9278116  015.8616542  47809.29 99
124846.0  047.9278116  015.8616542  47810.28 99
124846.5  047.9278116  015.8616542  47810.38 99
124847.0  047.9278116  015.8616542  47810.63 99
124847.5  047.9278116  015.8616537  47815.27 99
124848.0  047.9278116  015.8616537  47814.29 99
124849.5  047.9278116  015.8616533  47806.73 99
124850.0  047.9278116  015.8616533  47811.89 99
124850.5  047.9278116  015.8616529  47809.70 99
124851.0  047.9278116  015.8616529  47807.42 99
124851.5  047.9278116  015.8616529  47806.41 99
124852.0  047.9278116  015.8616529  47807.83 99
124852.5  047.9278116  015.8616525  47808.45 99
124853.0  047.9278116  015.8616525  47808.27 99
124853.5  047.9278116  015.8616520  47801.87 99
124854.0  047.9278116  015.8616520  47798.45 99
124854.5  047.9278116  015.8616520  47799.37 99
124855.0  047.9278116  015.8616520  47805.45 99
124856.5  047.9278116  015.8616516  47799.01 99
124857.0  047.9278116  015.8616516  47799.08 99
124857.5  047.9278116  015.8616512  47801.12 99
124858.0  047.9278116  015.8616512  47801.69 99
124858.5  047.9278116  015.8616512  47801.81 99
124859.0  047.9278116  015.8616512  47799.43 99
124859.5  047.9278116  015.8616512  47798.61 99
124900.0  047.9278116  015.8616512  47797.86 99
124900.5  047.9278116  015.8616507  47796.50 99
124901.0  047.9278116  015.8616507  47795.65 99
124901.5  047.9278116  015.8616507  47795.40 99
124902.0  047.9278116  015.8616507  47797.62 99
124903.5  047.9278116  015.8616503  47798.44 99
124904.0  047.9278116  015.8616503  47798.40 99
124904.5  047.9278116  015.8616503  47798.36 99
124905.0  047.9278116  015.8616503  47799.37 99
124905.5  047.9278116  015.8616503  47802.62 99
124906.0  047.9278116  015.8616503  47795.77 99
124906.5  047.9278116  015.8616499  47791.42 99
124907.0  047.9278116  015.8616499  47789.29 99
124907.5  047.9278116  015.8616499  47790.85 99
124908.0  047.9278116  015.8616499  47797.21 99
124908.5  047.9278116  015.8616499  47797.91 99
124909.0  047.9278116  015.8616499  47795.52 99
124909.5  047.9278116  015.8616499  47794.95 99
124910.0  047.9278116  015.8616499  47794.54 99
124911.5  047.9278120  015.8616499  47796.12 99
124912.0  047.9278120  015.8616499  47796.50 99
124912.5  047.9278120  015.8616499  47795.85 99
124913.0  047.9278120  015.8616499  47795.93 99
124913.5  047.9278120  015.8616495  47795.93 99
124914.0  047.9278120  015.8616495  47795.78 99
124914.5  047.9278120  015.8616495  47795.75 99
124915.0  047.9278120  015.8616495  47793.36 99
124915.5  047.9278120  015.8616495  47793.00 99
124916.0  047.9278120  015.8616495  47794.40 99
124916.5  047.9278120  015.8616495  47795.58 99
124917.0  047.9278120  015.8616495  47794.93 99
124918.5  047.9278120  015.8616495  47790.28 99
124919.0  047.9278120  015.8616495  47787.61 99
124919.5  047.9278120  015.8616495  47792.45 99
124920.0  047.9278120  015.8616495  47800.79 99
124920.5  047.9278120  015.8616495  47804.15 99
124921.0  047.9278120  015.8616495  47808.13 99
124921.5  047.9278120  015.8616495  47808.74 99
124922.0  047.9278120  015.8616495  47804.28 99
124922.5  047.9278120  015.8616495  47800.45 99
124923.0  047.9278120  015.8616495  47801.64 99
124923.5  047.9278120  015.8616495  47800.44 99
124924.0  047.9278120  015.8616495  47793.81 99
124924.5  047.9278120  015.8616495  47794.12 99
124925.0  047.9278120  015.8616495  47795.85 99
124926.5  047.9278120  015.8616490  47796.12 99
124927.0  047.9278120  015.8616490  47799.84 99
124927.5  047.9278120  015.8616490  47799.03 99
124928.0  047.9278120  015.8616490  47796.00 99
124928.5  047.9278120  015.8616490  47797.23 99
124929.0  047.9278120  015.8616490  47796.37 99
124929.5  047.9278120  015.8616490  47793.85 99
