
Gem Systems GSM-19W 3101329 v6.0 24 X 2003 
ID 1 file 21c-ost .b   09 VII10
datum  48000.00


104414.1  48463.99 99
104415.1  48465.07 99
104416.1  48466.01 99
104417.1  48464.94 99
104418.1  48464.69 99
104419.1  48464.49 99
104420.1  48464.41 99
104421.1  48464.47 99
104422.1  48464.92 99
104423.1  48465.12 99
104424.1  48464.84 99
104425.1  48464.89 99
104426.1  48464.66 99
104427.1  48463.70 99
104428.1  48463.63 99
104429.1  48463.77 99
104430.1  48463.61 99
104431.1  48462.92 99
104432.1  48462.86 99
104433.1  48462.36 99
104434.1  48463.57 99
104435.1  48464.58 99
104436.1  48464.94 99
104437.1  48464.40 99
104438.1  48465.10 99
104439.1  48465.60 99
104440.1  48464.62 99
104441.1  48464.93 99
104442.1  48465.20 99
104443.1  48466.20 99
104444.1  48466.63 99
104445.1  48465.86 99
104446.1  48465.52 99
104447.1  48465.63 99
104448.1  48466.78 99
104449.1  48467.70 99
104450.1  48466.45 99
104451.1  48465.65 99
104452.1  48465.48 99
104453.1  48466.12 99
104454.1  48466.01 99
104455.1  48466.00 99
104456.1  48465.86 99
104457.1  48465.77 99
104458.1  48466.37 99
104459.1  48466.70 99
104500.1  48466.54 99
104501.1  48466.35 99
104502.1  48466.19 99
104503.1  48466.19 99
104504.1  48466.67 99
104505.1  48466.33 99
104506.1  48466.07 99
104507.1  48465.90 99
104508.1  48466.07 99
104509.1  48466.29 99
104510.1  48465.91 99
104511.1  48465.88 99
104512.1  48466.32 99
104513.1  48466.68 99
104514.1  48466.67 99
104515.1  48466.20 99
104516.1  48465.80 99
104517.1  48465.18 99
104518.1  48465.00 99
104519.1  48464.94 99
104520.1  48465.27 99
104521.1  48465.95 99
104522.1  48466.18 99
104523.1  48465.61 99
104524.1  48465.32 99
104525.1  48465.95 99
104526.1  48466.31 99
104527.1  48466.21 99
104528.1  48465.60 99
104529.1  48465.37 99
104530.1  48465.24 99
104531.1  48465.33 99
104532.1  48465.92 99
104533.1  48466.26 99
104534.1  48466.48 99
104535.1  48465.64 99
104536.1  48465.39 99
104537.1  48465.57 99
104538.1  48465.35 99
104539.1  48465.39 99
104540.1  48465.59 99
104541.1  48466.00 99
104542.1  48466.09 99
104543.1  48465.98 99
104544.1  48465.88 99
104545.1  48465.79 99
104546.1  48465.99 99
104547.1  48466.26 99
104548.1  48466.35 99
104549.1  48465.79 99
104550.1  48465.65 99
104551.1  48465.54 99
104552.1  48465.31 99
104553.1  48465.13 99
104554.1  48464.95 99
104555.1  48464.89 99
104556.1  48464.81 99
104557.1  48464.76 99
104558.1  48465.35 99
104559.1  48465.95 99
104600.1  48466.39 99
104601.1  48467.01 99
104602.1  48467.07 99
104603.1  48466.42 99
104604.1  48466.52 99
104605.1  48467.31 99
104606.1  48467.66 99
104607.1  48467.58 99
104608.1  48467.36 99
104609.1  48467.25 99
104610.1  48467.15 99
104611.1  48466.47 99
104612.1  48466.69 99
104613.1  48467.01 99
104614.1  48466.87 99
104615.1  48467.05 99
104616.1  48467.14 99
104617.1  48467.55 99
104618.1  48468.00 99
104619.1  48467.88 99
104620.1  48467.83 99
104621.1  48467.64 99
104622.1  48467.73 99
104623.1  48467.71 99
104624.1  48467.59 99
104625.1  48467.34 99
104626.1  48467.22 99
104627.1  48467.27 99
104628.1  48466.91 99
104629.1  48466.18 99
104630.1  48464.29 99
104631.1  48465.04 99
104632.1  48465.56 99
104633.1  48462.33 99
104634.1  48461.89 99
104635.1  48461.55 99
104636.1  48462.36 99
104637.1  48462.31 99
104638.1  48463.10 99
104639.1  48463.73 99
104640.1  48463.59 99
104641.1  48463.59 99
104642.1  48464.18 99
104643.1  48464.55 99
104644.1  48465.24 99
104645.1  48466.40 99
104646.1  48467.32 99
104647.1  48467.23 99
104648.1  48466.94 99
104649.1  48466.84 99
104650.1  48466.63 99
104651.1  48465.97 99
104652.1  48465.44 99
104653.1  48464.98 99
104654.1  48465.04 99
104655.1  48465.29 99
104656.1  48465.16 99
104657.1  48464.97 99
104658.1  48465.41 99
104659.1  48466.01 99
104700.1  48466.12 99
104701.1  48466.43 99
104702.1  48467.16 99
104703.1  48467.99 99
104704.1  48468.33 99
104705.1  48468.32 99
104706.1  48468.10 99
104707.1  48468.01 99
104708.1  48467.94 99
104709.1  48467.43 99
104710.1  48466.87 99
104711.1  48466.58 99
104712.1  48466.20 99
104713.1  48465.75 99
104714.1  48465.71 99
104715.1  48466.14 99
104716.1  48467.06 99
104717.1  48467.38 99
104718.1  48467.79 99
104719.1  48467.81 99
104720.1  48467.73 99
104721.1  48467.94 99
104722.1  48467.55 99
104723.1  48466.88 99
104724.1  48467.04 99
104725.1  48467.32 99
104726.1  48467.10 99
104727.1  48466.94 99
104728.1  48466.75 99
104729.1  48466.63 99
104730.1  48466.75 99
104731.1  48466.90 99
104732.1  48466.71 99
104733.1  48466.66 99
104734.1  48466.36 99
104735.1  48466.41 99
104736.1  48465.44 99
104737.1  48465.19 99
104738.1  48465.17 99
104739.1  48464.89 99
104740.1  48464.59 99
104741.1  48464.54 99
104742.1  48464.67 99
104743.1  48464.90 99
104744.1  48464.04 99
104745.1  48463.97 99
104746.1  48463.48 99
104747.1  48463.56 99
104748.1  48463.01 99
104749.1  48463.22 99
104750.1  48463.58 99
104751.1  48463.67 99
104752.1  48464.04 99
104753.1  48464.27 99
104754.1  48465.09 99
104755.1  48464.52 99
104756.1  48465.34 99
104757.1  48465.52 99
104758.1  48465.73 99
104759.1  48466.03 99
104800.1  48468.45 99
104801.1  48466.33 99
104802.1  48466.09 99
104803.1  48466.07 99
104804.1  48466.08 99
104805.1  48466.36 99
104806.1  48467.01 99
104807.1  48467.73 99
104808.1  48467.83 99
104809.1  48467.58 99
104810.1  48466.63 99
104811.1  48466.02 99
104812.1  48465.91 99
104813.1  48465.03 99
104814.1  48464.63 99
104815.1  48464.73 99
104816.1  48465.11 99
104817.1  48465.60 99
104818.1  48465.98 99
104819.1  48466.40 99
104820.1  48466.72 99
104821.1  48466.68 99
104822.1  48466.37 99
104823.1  48466.42 99
104824.1  48465.79 99
104825.1  48465.20 99
104826.1  48465.00 99
104827.1  48464.44 99
104828.1  48464.23 99
104829.1  48465.18 99
104830.1  48465.32 99
104831.1  48465.85 99
104832.1  48465.92 99
104833.1  48466.09 99
104834.1  48466.22 99
104835.1  48466.15 99
104836.1  48466.31 99
104837.1  48466.45 99
104838.1  48466.73 99
104839.1  48466.95 99
104840.1  48467.07 99
104841.1  48467.44 99
104842.1  48467.02 99
104843.1  48467.34 99
104844.1  48467.45 99
104845.1  48467.31 99
104846.1  48466.75 99
104847.1  48465.99 99
104848.1  48465.75 99
104849.1  48465.70 99
104850.1  48465.36 99
104851.1  48464.72 99
104852.1  48464.69 99
104853.1  48464.74 99
104854.1  48465.71 99
104855.1  48466.47 99
104856.1  48466.51 99
104857.1  48466.37 99
104858.1  48466.34 99
104859.1  48466.79 99
104900.1  48466.59 99
104901.1  48466.34 99
104902.1  48465.39 99
104903.1  48465.54 99
104904.1  48465.80 99
104905.1  48465.65 99
104906.1  48465.83 99
104907.1  48464.48 99
104908.1  48464.32 99
104909.1  48463.96 99
104910.1  48463.51 99
104911.1  48463.29 99
104912.1  48463.40 99
104913.1  48464.69 99
104914.1  48465.58 99
104915.1  48465.34 99
104916.1  48465.39 99
104917.1  48465.49 99
104918.1  48466.21 99
104919.1  48466.60 99
104920.1  48466.29 99
104921.1  48465.84 99
104922.1  48465.66 99
104923.1  48465.26 99
104924.1  48464.93 99
104925.1  48464.71 99
104926.1  48464.35 99
104927.1  48463.27 99
104928.1  48463.11 99
104929.1  48464.08 99
104930.1  48464.94 99
104931.1  48465.26 99
104932.1  48465.29 99
104933.1  48466.29 99
104934.1  48466.07 99
104935.1  48465.76 99
104936.1  48465.61 99
104937.1  48464.78 99
104938.1  48463.96 99
104939.1  48463.18 99
104940.1  48462.45 99
104941.1  48462.45 99
104942.1  48463.45 99
104943.1  48463.15 99
104944.1  48463.39 99
104945.1  48463.91 99
104946.1  48463.57 99
104947.1  48463.57 99
104948.1  48463.69 99
104949.1  48464.56 99
104950.1  48465.04 99
104951.1  48464.79 99
104952.1  48464.57 99
104953.1  48465.10 99
104954.1  48465.40 99
104955.1  48465.88 99
104956.1  48466.41 99
104957.1  48467.24 99
104958.1  48467.73 99
104959.1  48468.25 99
105000.1  48468.37 99
105001.1  48467.94 99
105002.1  48468.18 99
105003.1  48468.22 99
105004.1  48467.67 99
105005.1  48467.25 99
105006.1  48467.51 99
105007.1  48467.16 99
105008.1  48466.61 99
105009.1  48466.47 99
105010.1  48466.41 99
105011.1  48466.78 99
105012.1  48466.48 99
105013.1  48465.68 99
105014.1  48465.10 99
105015.1  48465.46 99
105016.1  48465.90 99
105017.1  48466.11 99
105018.1  48465.58 99
105019.1  48464.74 99
105020.1  48464.90 99
105021.1  48465.52 99
105022.1  48465.62 99
105023.1  48465.38 99
105024.1  48465.22 99
105025.1  48465.43 99
105026.1  48464.83 99
105027.1  48465.00 99
105028.1  48465.22 99
105029.1  48463.05 99
105030.1  48461.91 99
105031.1  48459.31 99
105032.1  48457.50 99
105033.1  48457.32 99
105034.1  48457.20 99
105035.1  48457.46 99
105036.1  48458.26 99
105037.1  48457.72 99
105038.1  48457.15 99
105039.1  48456.62 99
105040.1  48456.38 99
105041.1  48457.28 99
105042.1  48457.76 99
105043.1  48457.91 99
105044.1  48458.12 99
105045.1  48457.43 99
105046.1  48457.95 99
105047.1  48457.97 99
105048.1  48458.04 99
105049.1  48458.13 99
105050.1  48457.75 99
105051.1  48457.10 99
105052.1  48457.51 99
105053.1  48457.44 99
105054.1  48457.82 99
105055.1  48458.31 99
105056.1  48459.07 99
105057.1  48459.59 99
105058.1  48459.48 99
105059.1  48459.15 99
105100.1  48459.35 99
105101.1  48459.47 99
105102.1  48459.19 99
105103.1  48459.14 99
105104.1  48459.01 99
105105.1  48458.62 99
105106.1  48458.91 99
105107.1  48458.55 99
105108.1  48457.94 99
105109.1  48457.66 99
105110.1  48457.59 99
105111.1  48457.65 99
105112.1  48457.01 99
105113.1  48456.34 99
105114.1  48457.14 99
105115.1  48458.55 99
105116.1  48459.88 99
105117.1  48460.04 99
105118.1  48460.11 99
105119.1  48460.52 99
105120.1  48460.77 99
105121.1  48461.46 99
105122.1  48462.10 99
105123.1  48461.72 99
105124.1  48461.14 99
105125.1  48461.09 99
105126.1  48461.06 99
105127.1  48460.49 99
105128.1  48460.44 99
105129.1  48459.94 99
105130.1  48458.88 99
105131.1  48457.96 99
105132.1  48457.16 99
105133.1  48457.72 99
105134.1  48458.49 99
105135.1  48459.40 99
105136.1  48459.17 99
105137.1  48458.49 99
105138.1  48458.59 99
105139.1  48458.66 99
105140.1  48457.88 99
105141.1  48458.40 99
105142.1  48458.51 99
105143.1  48458.65 99
105144.1  48458.35 99
105145.1  48458.35 99
105146.1  48458.99 99
105147.1  48459.52 99
105148.1  48459.28 99
105149.1  48459.09 99
105150.1  48459.20 99
105151.1  48459.69 99
105152.1  48459.71 99
105153.1  48459.26 99
105154.1  48459.24 99
105155.1  48460.20 99
105156.1  48461.74 99
105157.1  48461.98 99
105158.1  48461.19 99
105159.1  48461.09 99
105200.1  48461.24 99
105201.1  48460.76 99
105202.1  48459.99 99
105203.1  48459.64 99
105204.1  48459.33 99
105205.1  48459.30 99
105206.1  48459.15 99
105207.1  48458.81 99
105208.1  48462.80 99
105209.1  48462.82 99
105210.1  48462.73 99
105211.1  48462.59 99
105212.1  48462.09 99
105213.1  48461.30 99
105214.1  48461.44 99
105215.1  48461.44 99
105216.1  48461.45 99
105217.1  48461.48 99
105218.1  48461.35 99
105219.1  48461.19 99
105220.1  48461.17 99
105221.1  48460.24 99
105222.1  48459.51 99
105223.1  48459.50 99
105224.1  48459.62 99
105225.1  48459.74 99
105226.1  48459.90 99
105227.1  48459.83 99
105228.1  48459.90 99
105229.1  48459.74 99
105230.1  48459.40 99
105231.1  48459.59 99
105232.1  48460.09 99
105233.1  48460.33 99
105234.1  48460.43 99
105235.1  48460.51 99
105236.1  48460.71 99
105237.1  48460.55 99
105238.1  48460.92 99
105239.1  48461.18 99
105240.1  48461.39 99
105241.1  48461.68 99
105242.1  48461.28 99
105243.1  48461.06 99
105244.1  48460.92 99
105245.1  48460.08 99
105246.1  48460.54 99
105247.1  48462.64 99
105248.1  48463.37 99
105249.1  48463.95 99
105250.1  48464.71 99
105251.1  48463.56 99
105252.1  48461.81 99
105253.1  48462.19 99
105254.1  48461.32 99
105255.1  48461.30 99
105256.1  48461.55 99
105257.1  48461.83 99
105258.1  48461.85 99
105259.1  48461.60 99
105300.1  48461.10 99
105301.1  48460.51 99
105302.1  48460.08 99
105303.1  48459.55 99
105304.1  48459.14 99
105305.1  48459.08 99
105306.1  48458.66 99
105307.1  48459.16 99
105308.1  48460.97 99
105309.1  48460.95 99
105310.1  48460.47 99
105311.1  48461.17 99
105312.1  48461.47 99
105313.1  48461.36 99
105314.1  48461.06 99
105315.1  48461.24 99
105316.1  48461.15 99
105317.1  48461.61 99
105318.1  48461.82 99
105319.1  48461.84 99
105320.1  48461.84 99
105321.1  48462.43 99
105322.1  48462.74 99
105323.1  48462.93 99
105324.1  48462.89 99
105325.1  48462.44 99
105326.1  48461.89 99
105327.1  48461.34 99
105328.1  48461.54 99
105329.1  48462.06 99
105330.1  48462.25 99
105331.1  48462.16 99
105332.1  48462.03 99
105333.1  48463.98 99
105334.1  48463.34 99
105335.1  48460.73 99
105336.1  48459.68 99
105337.1  48458.82 99
105338.1  48458.38 99
105339.1  48458.56 99
105340.1  48458.78 99
105341.1  48458.05 99
105342.1  48457.60 99
105343.1  48457.35 99
105344.1  48457.49 99
105345.1  48458.44 99
105346.1  48458.47 99
105347.1  48458.63 99
105348.1  48458.78 99
105349.1  48458.60 99
105350.1  48458.33 99
105351.1  48458.13 99
105352.1  48458.01 99
105353.1  48459.29 99
105354.1  48458.89 99
105355.1  48458.83 99
105356.1  48459.21 99
105357.1  48458.71 99
105358.1  48460.43 99
105359.1  48460.85 99
105400.1  48462.85 99
105401.1  48463.17 99
105402.1  48462.77 99
105403.1  48462.75 99
105404.1  48461.85 99
105405.1  48461.81 99
105406.1  48461.80 99
105407.1  48461.30 99
105408.1  48461.33 99
105409.1  48460.78 99
105410.1  48461.31 99
105411.1  48460.63 99
105412.1  48460.68 99
105413.1  48460.13 99
105414.1  48460.48 99
105415.1  48460.41 99
105416.1  48459.94 99
105417.1  48459.43 99
105418.1  48458.48 99
105419.1  48458.22 99
105420.1  48458.52 99
105421.1  48458.74 99
105422.1  48458.78 99
105423.1  48458.48 99
105424.1  48458.16 99
105425.1  48457.51 99
105426.1  48457.20 99
105427.1  48456.98 99
105428.1  48457.03 99
105429.1  48456.63 99
105430.1  48456.14 99
105431.1  48456.06 99
105432.1  48455.98 99
105433.1  48456.55 99
105434.1  48457.45 99
105435.1  48457.83 99
105436.1  48458.06 99
105437.1  48457.63 99
105438.1  48457.62 99
105439.1  48458.91 99
105440.1  48461.34 99
105441.1  48461.01 99
105442.1  48461.35 99
105443.1  48460.55 99
105444.1  48460.30 99
105445.1  48460.24 99
105446.1  48460.30 99
105447.1  48459.89 99
105448.1  48459.24 99
105449.1  48459.51 99
105450.1  48459.57 99
105451.1  48458.03 99
105452.1  48458.74 99
105453.1  48459.12 99
105454.1  48459.92 99
105455.1  48460.25 99
105456.1  48459.67 99
105457.1  48459.67 99
105458.1  48459.93 99
105459.1  48460.29 99
105500.1  48460.47 99
105501.1  48458.93 99
105502.1  48459.07 99
105503.1  48459.59 99
105504.1  48459.43 99
105505.1  48459.10 99
105506.1  48458.88 99
105507.1  48458.90 99
105508.1  48458.30 99
105509.1  48458.24 99
105510.1  48458.70 99
105511.1  48458.99 99
105512.1  48459.36 99
105513.1  48459.90 99
105514.1  48459.80 99
105515.1  48459.13 99
105516.1  48458.98 99
105517.1  48458.42 99
105518.1  48458.39 99
105519.1  48458.36 99
105520.1  48458.03 99
105521.1  48457.48 99
105522.1  48457.39 99
105523.1  48457.72 99
105524.1  48457.94 99
105525.1  48458.30 99
105526.1  48458.49 99
105527.1  48458.78 99
105528.1  48458.57 99
105529.1  48458.45 99
105530.1  48458.28 99
105531.1  48458.19 99
105532.1  48457.75 99
105533.1  48458.14 99
105534.1  48458.36 99
105535.1  48458.51 99
105536.1  48458.20 99
105537.1  48457.96 99
105538.1  48458.04 99
105539.1  48457.68 99
105540.1  48458.39 99
105541.1  48458.00 99
105542.1  48458.25 99
105543.1  48458.78 99
105544.1  48458.55 99
105545.1  48458.21 99
105546.1  48457.71 99
105547.1  48457.23 99
105548.1  48457.14 99
105549.1  48457.02 99
105550.1  48456.82 99
105551.1  48457.01 99
105552.1  48457.04 99
105553.1  48457.49 99
105554.1  48457.30 99
105555.1  48457.12 99
105556.1  48457.11 99
105557.1  48457.28 99
105558.1  48457.03 99
105559.1  48456.27 99
105600.1  48456.01 99
105601.1  48456.21 99
105602.1  48456.82 99
105603.1  48456.99 99
105604.1  48456.66 99
105605.1  48456.37 99
105606.1  48456.74 99
105607.1  48456.91 99
105608.1  48456.49 99
105609.1  48456.68 99
105610.1  48456.81 99
105611.1  48456.14 99
105612.1  48456.26 99
105613.1  48456.10 99
105614.1  48456.46 99
105615.1  48456.45 99
105616.1  48456.50 99
105617.1  48456.20 99
105618.1  48456.21 99
105619.1  48456.19 99
105620.1  48455.69 99
105621.1  48455.97 99
105622.1  48455.39 99
105623.1  48454.75 99
105624.1  48454.79 99
105625.1  48454.97 99
105626.1  48455.10 99
105627.1  48455.12 99
105628.1  48454.98 99
105629.1  48455.10 99
105630.1  48455.62 99
105631.1  48456.00 99
105632.1  48456.41 99
105633.1  48456.52 99
105634.1  48456.77 99
105635.1  48457.16 99
105636.1  48457.58 99
105637.1  48457.66 99
105638.1  48457.82 99
105639.1  48458.42 99
105640.1  48458.76 99
105641.1  48458.95 99
105642.1  48458.77 99
105643.1  48458.03 99
105644.1  48457.59 99
105645.1  48457.35 99
105646.1  48457.29 99
105647.1  48457.00 99
105648.1  48456.71 99
105649.1  48456.58 99
105650.1  48456.58 99
105651.1  48456.80 99
105652.1  48457.22 99
105653.1  48457.08 99
105654.1  48457.07 99
105655.1  48456.68 99
105656.1  48456.57 99
105657.1  48456.41 99
105658.1  48456.50 99
105659.1  48456.20 99
105700.1  48455.96 99
105701.1  48455.90 99
105702.1  48455.96 99
105703.1  48455.87 99
105704.1  48455.15 99
105705.1  48454.82 99
105706.1  48454.81 99
105707.1  48455.34 99
105708.1  48456.04 99
105709.1  48456.63 99
105710.1  48457.11 99
105711.1  48457.46 99
105712.1  48457.85 99
105713.1  48458.03 99
105714.1  48458.11 99
105715.1  48458.18 99
105716.1  48458.32 99
105717.1  48458.32 99
105718.1  48458.19 99
105719.1  48458.39 99
105720.1  48458.09 99
105721.1  48458.17 99
105722.1  48457.93 99
105723.1  48457.79 99
105724.1  48457.77 99
105725.1  48457.60 99
105726.1  48457.30 99
105727.1  48456.57 99
105728.1  48455.78 99
105729.1  48455.82 99
105730.1  48456.52 99
105731.1  48457.16 99
105732.1  48457.36 99
105733.1  48456.60 99
105734.1  48456.38 99
105735.1  48455.93 99
105736.1  48454.76 99
105737.1  48454.65 99
105738.1  48454.62 99
105739.1  48454.96 99
105740.1  48455.65 99
105741.1  48456.03 99
105742.1  48456.29 99
105743.1  48456.70 99
105744.1  48456.71 99
105745.1  48456.18 99
105746.1  48456.96 99
105747.1  48457.23 99
105748.1  48456.47 99
105749.1  48456.83 99
105750.1  48456.64 99
105751.1  48456.67 99
105752.1  48456.65 99
105753.1  48456.74 99
105754.1  48456.80 99
105755.1  48456.26 99
105756.1  48456.43 99
105757.1  48456.30 99
105758.1  48456.21 99
105759.1  48456.74 99
105800.1  48457.19 99
105801.1  48457.16 99
105802.1  48456.44 99
105803.1  48455.95 99
105804.1  48457.44 99
105805.1  48459.10 99
105806.1  48458.69 99
105807.1  48457.97 99
105808.1  48457.55 99
105809.1  48458.15 99
105810.1  48458.14 99
105811.1  48457.62 99
105812.1  48457.16 99
105813.1  48456.42 99
105814.1  48455.22 99
105815.1  48454.51 99
105816.1  48454.37 99
105817.1  48454.93 99
105818.1  48455.76 99
105819.1  48456.20 99
105820.1  48455.99 99
105821.1  48455.70 99
105822.1  48455.35 99
105823.1  48455.15 99
105824.1  48455.89 99
105825.1  48455.19 99
105826.1  48453.82 99
105827.1  48453.83 99
105828.1  48454.14 99
105829.1  48454.50 99
105830.1  48454.51 99
105831.1  48454.40 99
105832.1  48454.68 99
105833.1  48454.83 99
105834.1  48458.44 99
105835.1  48458.93 99
105836.1  48459.17 99
105837.1  48459.70 99
105838.1  48460.96 99
105839.1  48461.94 99
105840.1  48463.15 99
105841.1  48462.14 99
105842.1  48460.44 99
105843.1  48460.55 99
105844.1  48463.66 99
105845.1  48465.16 99
105846.1  48465.32 99
105847.1  48464.73 99
105848.1  48463.59 99
105849.1  48463.80 99
105850.1  48464.57 99
105851.1  48464.46 99
105852.1  48464.19 99
105853.1  48464.96 99
105854.1  48465.64 99
105855.1  48465.38 99
105856.1  48465.80 99
105857.1  48465.49 99
105858.1  48465.57 99
105859.1  48465.93 99
105900.1  48465.67 99
105901.1  48465.78 99
105902.1  48465.79 99
105903.1  48465.69 99
105904.1  48465.19 99
105905.1  48464.64 99
105906.1  48464.02 99
105907.1  48465.04 99
105908.1  48465.76 99
105909.1  48466.06 99
105910.1  48466.08 99
105911.1  48465.65 99
105912.1  48465.59 99
105913.1  48465.94 99
105914.1  48466.12 99
105915.1  48466.42 99
105916.1  48466.63 99
105917.1  48466.88 99
105918.1  48467.44 99
105919.1  48467.87 99
105920.1  48468.09 99
105921.1  48468.29 99
105922.1  48468.36 99
105923.1  48468.69 99
105924.1  48468.90 99
105925.1  48469.12 99
105926.1  48469.20 99
105927.1  48468.98 99
105928.1  48468.41 99
105929.1  48468.06 99
105930.1  48467.33 99
105931.1  48466.81 99
105932.1  48466.62 99
105933.1  48466.59 99
105934.1  48465.95 99
105935.1  48465.85 99
105936.1  48466.12 99
105937.1  48465.91 99
105938.1  48466.10 99
105939.1  48466.53 99
105940.1  48467.10 99
105941.1  48467.72 99
105942.1  48468.20 99
105943.1  48469.00 99
105944.1  48469.02 99
105945.1  48468.41 99
105946.1  48468.07 99
105947.1  48468.23 99
105948.1  48468.48 99
105949.1  48468.20 99
105950.1  48468.28 99
105951.1  48468.39 99
105952.1  48468.53 99
105953.1  48468.32 99
105954.1  48468.19 99
105955.1  48468.87 99
105956.1  48468.62 99
105957.1  48467.78 99
105958.1  48467.16 99
105959.1  48467.30 99
110000.1  48467.51 99
110001.1  48467.84 99
110002.1  48467.83 99
110003.1  48467.83 99
110004.1  48467.60 99
110005.1  48467.37 99
110006.1  48467.76 99
110007.1  48467.50 99
110008.1  48466.87 99
110009.1  48466.36 99
110010.1  48466.05 99
110011.1  48465.75 99
110012.1  48466.22 99
110013.1  48466.26 99
110014.1  48465.94 99
110015.1  48465.69 99
110016.1  48465.50 99
110017.1  48465.29 99
110018.1  48465.22 99
110019.1  48465.80 99
110020.1  48466.16 99
110021.1  48466.34 99
110022.1  48465.33 99
110023.1  48465.01 99
110024.1  48465.13 99
110025.1  48465.09 99
110026.1  48465.52 99
110027.1  48465.36 99
110028.1  48465.93 99
110029.1  48466.28 99
110030.1  48466.00 99
110031.1  48465.73 99
110032.1  48465.46 99
110033.1  48464.96 99
110034.1  48465.00 99
110035.1  48465.34 99
110036.1  48465.48 99
110037.1  48465.52 99
110038.1  48465.46 99
110039.1  48465.03 99
110040.1  48464.49 99
110041.1  48464.81 99
110042.1  48465.13 99
110043.1  48465.98 99
110044.1  48465.62 99
110045.1  48465.06 99
110046.1  48464.50 99
110047.1  48464.48 99
110048.1  48465.01 99
110049.1  48465.79 99
110050.1  48466.21 99
110051.1  48466.10 99
110052.1  48466.17 99
110053.1  48466.44 99
110054.1  48466.77 99
110055.1  48466.82 99
110056.1  48466.31 99
110057.1  48466.40 99
110058.1  48466.67 99
110059.1  48467.02 99
110100.1  48467.51 99
110101.1  48466.84 99
110102.1  48466.50 99
110103.1  48466.73 99
110104.1  48466.38 99
110105.1  48466.01 99
110106.1  48465.58 99
110107.1  48465.72 99
110108.1  48466.05 99
110109.1  48466.35 99
110110.1  48465.99 99
110111.1  48465.93 99
110112.1  48465.93 99
110113.1  48466.38 99
110114.1  48466.11 99
110115.1  48465.89 99
110116.1  48465.70 99
110117.1  48465.60 99
110118.1  48465.50 99
110119.1  48465.48 99
110120.1  48465.33 99
110121.1  48465.10 99
110122.1  48465.13 99
110123.1  48465.42 99
110124.1  48465.71 99
110125.1  48465.94 99
110126.1  48465.85 99
110127.1  48466.06 99
110128.1  48466.26 99
110129.1  48466.20 99
110130.1  48465.92 99
110131.1  48466.09 99
110132.1  48466.55 99
110133.1  48467.15 99
110134.1  48467.19 99
110135.1  48467.15 99
110136.1  48466.80 99
110137.1  48466.66 99
110138.1  48466.78 99
110139.1  48467.01 99
110140.1  48466.91 99
110141.1  48466.95 99
110142.1  48467.24 99
110143.1  48467.44 99
110144.1  48468.19 99
110145.1  48468.69 99
110146.1  48468.70 99
110147.1  48469.05 99
110148.1  48469.20 99
110149.1  48468.79 99
110150.1  48468.49 99
110151.1  48468.03 99
110152.1  48468.10 99
110153.1  48468.34 99
110154.1  48468.59 99
110155.1  48468.38 99
110156.1  48468.24 99
110157.1  48468.10 99
110158.1  48467.86 99
110159.1  48467.74 99
110200.1  48467.36 99
110201.1  48467.25 99
110202.1  48467.41 99
110203.1  48467.67 99
110204.1  48467.92 99
110205.1  48467.88 99
110206.1  48467.61 99
110207.1  48467.67 99
110208.1  48467.53 99
110209.1  48467.17 99
110210.1  48467.55 99
110211.1  48467.45 99
110212.1  48467.44 99
110213.1  48467.16 99
110214.1  48467.37 99
110215.1  48467.50 99
110216.1  48468.08 99
110217.1  48468.50 99
110218.1  48468.89 99
110219.1  48469.24 99
110220.1  48469.92 99
110221.1  48470.25 99
110222.1  48470.32 99
110223.1  48469.94 99
110224.1  48469.73 99
110225.1  48469.43 99
110226.1  48468.83 99
110227.1  48467.65 99
110228.1  48467.29 99
110229.1  48467.73 99
110230.1  48467.92 99
110231.1  48468.12 99
110232.1  48468.42 99
110233.1  48468.24 99
110234.1  48467.63 99
110235.1  48466.68 99
110236.1  48466.62 99
110237.1  48467.62 99
110238.1  48466.58 99
110239.1  48466.13 99
110240.1  48465.88 99
110241.1  48465.62 99
110242.1  48465.29 99
110243.1  48465.13 99
110244.1  48464.90 99
110245.1  48464.54 99
110246.1  48464.63 99
110247.1  48464.98 99
110248.1  48465.83 99
110249.1  48466.65 99
110250.1  48467.54 99
110251.1  48468.16 99
110252.1  48468.19 99
110253.1  48468.57 99
110254.1  48468.42 99
110255.1  48468.16 99
110256.1  48468.09 99
110257.1  48467.82 99
110258.1  48467.68 99
110259.1  48467.53 99
110300.1  48466.97 99
110301.1  48466.35 99
110302.1  48466.22 99
110303.1  48465.99 99
110304.1  48465.93 99
110305.1  48465.85 99
110306.1  48465.94 99
110307.1  48466.72 99
110308.1  48467.45 99
110309.1  48468.25 99
110310.1  48468.69 99
110311.1  48468.68 99
110312.1  48469.05 99
110313.1  48469.15 99
110314.1  48469.05 99
110315.1  48469.12 99
110316.1  48469.19 99
110317.1  48469.02 99
110318.1  48468.49 99
110319.1  48468.20 99
110320.1  48468.02 99
110321.1  48467.51 99
110322.1  48467.24 99
110323.1  48467.34 99
110324.1  48467.79 99
110325.1  48467.86 99
110326.1  48467.67 99
110327.1  48467.37 99
110328.1  48467.15 99
110329.1  48467.66 99
110330.1  48467.96 99
110331.1  48467.52 99
110332.1  48467.15 99
110333.1  48466.82 99
110334.1  48466.28 99
110335.1  48465.80 99
110336.1  48466.06 99
110337.1  48466.19 99
110338.1  48466.25 99
110339.1  48466.81 99
110340.1  48467.01 99
110341.1  48467.55 99
110342.1  48468.08 99
110343.1  48468.65 99
110344.1  48469.25 99
110345.1  48469.22 99
110346.1  48469.01 99
110347.1  48468.39 99
110348.1  48467.93 99
110349.1  48467.91 99
110350.1  48467.96 99
110351.1  48467.81 99
110352.1  48467.81 99
110353.1  48468.80 99
110354.1  48469.09 99
110355.1  48468.64 99
110356.1  48467.43 99
110357.1  48466.53 99
110358.1  48465.63 99
110359.1  48465.21 99
110400.1  48465.38 99
110401.1  48465.18 99
110402.1  48465.00 99
110403.1  48465.32 99
110404.1  48465.55 99
110405.1  48466.04 99
110406.1  48466.08 99
110407.1  48465.88 99
110408.1  48465.56 99
110409.1  48465.64 99
110410.1  48465.71 99
110411.1  48465.75 99
110412.1  48465.96 99
110413.1  48466.05 99
110414.1  48466.50 99
110415.1  48466.69 99
110416.1  48466.79 99
110417.1  48466.98 99
110418.1  48466.38 99
110419.1  48465.71 99
110420.1  48465.53 99
110421.1  48465.27 99
110422.1  48465.91 99
110423.1  48466.38 99
110424.1  48466.22 99
110425.1  48465.69 99
110426.1  48466.07 99
110427.1  48465.54 99
110428.1  48465.01 99
110429.1  48465.20 99
110430.1  48465.94 99
110431.1  48466.91 99
110432.1  48467.28 99
110433.1  48467.34 99
110434.1  48467.14 99
110435.1  48466.95 99
110436.1  48466.98 99
110437.1  48466.62 99
110438.1  48465.27 99
110439.1  48464.84 99
110440.1  48464.65 99
110441.1  48465.25 99
110442.1  48465.21 99
110443.1  48465.86 99
110444.1  48465.88 99
110445.1  48465.83 99
110446.1  48465.66 99
110447.1  48465.42 99
110448.1  48465.56 99
110449.1  48465.45 99
110450.1  48465.51 99
110451.1  48465.81 99
110452.1  48465.86 99
110453.1  48466.12 99
110454.1  48466.69 99
110455.1  48466.90 99
110456.1  48467.00 99
110457.1  48467.03 99
110458.1  48466.92 99
110459.1  48466.29 99
110500.1  48466.33 99
110501.1  48467.23 99
110502.1  48468.08 99
110503.1  48468.28 99
110504.1  48469.07 99
110505.1  48469.43 99
110506.1  48469.38 99
110507.1  48468.85 99
110508.1  48468.55 99
110509.1  48468.24 99
110510.1  48467.86 99
110511.1  48467.72 99
110512.1  48467.55 99
110513.1  48467.35 99
110514.1  48467.12 99
110515.1  48467.16 99
110516.1  48467.14 99
110517.1  48466.92 99
110518.1  48466.65 99
110519.1  48466.50 99
110520.1  48466.05 99
110521.1  48465.24 99
110522.1  48464.69 99
110523.1  48464.66 99
110524.1  48465.06 99
110525.1  48465.08 99
110526.1  48465.42 99
110527.1  48465.13 99
110528.1  48464.92 99
110529.1  48464.95 99
110530.1  48465.24 99
110531.1  48465.56 99
110532.1  48465.86 99
110533.1  48465.88 99
110534.1  48465.43 99
110535.1  48464.74 99
110536.1  48464.22 99
110537.1  48463.90 99
110538.1  48463.48 99
110539.1  48463.87 99
110540.1  48463.93 99
110541.1  48463.28 99
110542.1  48462.78 99
110543.1  48462.59 99
110544.1  48463.89 99
110545.1  48464.79 99
110546.1  48465.13 99
110547.1  48465.42 99
110548.1  48465.35 99
110549.1  48465.43 99
110550.1  48465.73 99
110551.1  48465.92 99
110552.1  48466.19 99
110553.1  48466.09 99
110554.1  48465.94 99
110555.1  48465.85 99
110556.1  48465.73 99
110557.1  48465.98 99
110558.1  48466.50 99
110559.1  48467.32 99
110600.1  48467.46 99
110601.1  48467.14 99
110602.1  48467.08 99
110603.1  48467.18 99
110604.1  48467.67 99
110605.1  48467.84 99
110606.1  48468.13 99
110607.1  48468.30 99
110608.1  48468.28 99
110609.1  48467.91 99
110610.1  48467.38 99
110611.1  48467.79 99
110612.1  48468.28 99
110613.1  48468.00 99
110614.1  48467.77 99
110615.1  48467.23 99
110616.1  48467.03 99
110617.1  48466.97 99
110618.1  48466.80 99
110619.1  48466.23 99
110620.1  48465.64 99
110621.1  48465.43 99
110622.1  48465.65 99
110623.1  48466.05 99
110624.1  48466.15 99
110625.1  48466.60 99
110626.1  48467.46 99
110627.1  48467.54 99
110628.1  48466.91 99
110629.1  48466.35 99
110630.1  48466.18 99
110631.1  48466.35 99
110632.1  48466.46 99
110633.1  48465.83 99
110634.1  48465.18 99
110635.1  48464.75 99
110636.1  48464.40 99
110637.1  48464.16 99
110638.1  48464.46 99
110639.1  48464.92 99
110640.1  48465.32 99
110641.1  48465.65 99
110642.1  48465.84 99
110643.1  48466.02 99
110644.1  48466.59 99
110645.1  48466.74 99
110646.1  48467.17 99
110647.1  48467.50 99
110648.1  48467.06 99
110649.1  48466.61 99
110650.1  48466.10 99
110651.1  48465.89 99
110652.1  48465.78 99
110653.1  48465.22 99
110654.1  48464.79 99
110655.1  48464.76 99
110656.1  48464.34 99
110657.1  48463.95 99
110658.1  48464.09 99
110659.1  48463.89 99
110700.1  48463.36 99
110701.1  48462.56 99
110702.1  48462.64 99
110703.1  48462.78 99
110704.1  48462.58 99
110705.1  48461.94 99
110706.1  48461.40 99
110707.1  48461.11 99
110708.1  48461.25 99
110709.1  48461.47 99
110710.1  48461.74 99
110711.1  48461.84 99
110712.1  48462.37 99
110713.1  48463.20 99
110714.1  48464.02 99
110715.1  48464.38 99
110716.1  48464.67 99
110717.1  48465.00 99
110718.1  48465.36 99
110719.1  48465.99 99
110720.1  48466.31 99
110721.1  48466.59 99
110722.1  48467.13 99
110723.1  48467.55 99
110724.1  48467.27 99
110725.1  48466.75 99
110726.1  48466.58 99
110727.1  48466.71 99
110728.1  48466.68 99
110729.1  48466.55 99
110730.1  48466.06 99
110731.1  48466.57 99
110732.1  48466.89 99
110733.1  48466.64 99
110734.1  48467.07 99
110735.1  48467.06 99
110736.1  48466.96 99
110737.1  48467.06 99
110738.1  48467.53 99
110739.1  48467.82 99
110740.1  48466.64 99
110741.1  48465.28 99
110742.1  48464.45 99
110743.1  48464.39 99
110744.1  48463.87 99
110745.1  48463.94 99
110746.1  48464.01 99
110747.1  48464.00 99
110748.1  48464.15 99
110749.1  48463.84 99
110750.1  48463.84 99
110751.1  48463.90 99
110752.1  48463.80 99
110753.1  48463.89 99
110754.1  48464.22 99
110755.1  48464.26 99
110756.1  48464.41 99
110757.1  48464.71 99
110758.1  48465.17 99
110759.1  48466.23 99
110800.1  48467.02 99
110801.1  48467.16 99
110802.1  48467.36 99
110803.1  48467.39 99
110804.1  48467.06 99
110805.1  48466.37 99
110806.1  48466.06 99
110807.1  48465.75 99
110808.1  48465.61 99
110809.1  48465.17 99
110810.1  48465.79 99
110811.1  48466.22 99
110812.1  48466.54 99
110813.1  48466.36 99
110814.1  48466.05 99
110815.1  48465.98 99
110816.1  48465.99 99
110817.1  48465.59 99
110818.1  48465.77 99
110819.1  48465.96 99
110820.1  48465.93 99
110821.1  48465.87 99
110822.1  48465.60 99
110823.1  48465.73 99
110824.1  48465.44 99
110825.1  48464.78 99
110826.1  48464.44 99
110827.1  48464.31 99
110828.1  48464.21 99
110829.1  48464.23 99
110830.1  48464.55 99
110831.1  48464.42 99
110832.1  48464.06 99
110833.1  48462.97 99
110834.1  48462.15 99
110835.1  48462.82 99
110836.1  48463.69 99
110837.1  48463.99 99
110838.1  48464.13 99
110839.1  48463.81 99
110840.1  48463.68 99
110841.1  48463.98 99
110842.1  48464.49 99
110843.1  48463.76 99
110844.1  48463.43 99
110845.1  48463.36 99
110846.1  48462.88 99
110847.1  48462.72 99
110848.1  48463.16 99
110849.1  48463.65 99
110850.1  48463.18 99
110851.1  48463.04 99
110852.1  48463.42 99
110853.1  48463.18 99
110854.1  48463.18 99
110855.1  48463.53 99
110856.1  48463.66 99
110857.1  48463.69 99
110858.1  48463.60 99
110859.1  48463.63 99
110900.1  48464.46 99
110901.1  48465.35 99
110902.1  48465.76 99
110903.1  48465.80 99
110904.1  48465.87 99
110905.1  48465.70 99
110906.1  48466.19 99
110907.1  48466.38 99
110908.1  48466.29 99
110909.1  48466.22 99
110910.1  48466.69 99
110911.1  48466.76 99
110912.1  48465.97 99
110913.1  48465.45 99
110914.1  48464.11 99
110915.1  48465.52 99
110916.1  48465.78 99
110917.1  48465.70 99
110918.1  48465.50 99
110919.1  48465.60 99
110920.1  48465.60 99
110921.1  48465.18 99
110922.1  48465.09 99
110923.1  48465.40 99
110924.1  48465.55 99
110925.1  48465.73 99
110926.1  48466.51 99
110927.1  48466.27 99
110928.1  48465.84 99
110929.1  48465.52 99
110930.1  48465.71 99
110931.1  48465.15 99
110932.1  48464.56 99
110933.1  48464.63 99
110934.1  48465.39 99
110935.1  48466.25 99
110936.1  48466.63 99
110937.1  48467.37 99
110938.1  48467.55 99
110939.1  48467.66 99
110940.1  48467.57 99
110941.1  48467.34 99
110942.1  48466.56 99
110943.1  48466.16 99
110944.1  48466.19 99
110945.1  48466.51 99
110946.1  48466.33 99
110947.1  48466.07 99
110948.1  48465.73 99
110949.1  48464.88 99
110950.1  48464.03 99
110951.1  48463.56 99
110952.1  48463.28 99
110953.1  48463.44 99
110954.1  48462.92 99
110955.1  48463.66 99
110956.1  48464.23 99
110957.1  48463.77 99
110958.1  48464.08 99
110959.1  48464.43 99
111000.1  48464.93 99
111001.1  48464.74 99
111002.1  48464.54 99
111003.1  48464.93 99
111004.1  48464.55 99
111005.1  48464.09 99
111006.1  48463.94 99
111007.1  48463.91 99
111008.1  48464.03 99
111009.1  48463.79 99
111010.1  48463.63 99
111011.1  48464.00 99
111012.1  48464.40 99
111013.1  48464.88 99
111014.1  48465.29 99
111015.1  48465.81 99
111016.1  48465.73 99
111017.1  48466.11 99
111018.1  48466.69 99
111019.1  48467.44 99
111020.1  48467.70 99
111021.1  48467.46 99
111022.1  48466.97 99
111023.1  48466.82 99
111024.1  48466.67 99
111025.1  48466.70 99
111026.1  48467.04 99
111027.1  48466.93 99
111028.1  48466.46 99
111029.1  48466.59 99
111030.1  48466.29 99
111031.1  48465.74 99
111032.1  48465.74 99
111033.1  48465.83 99
111034.1  48465.91 99
111035.1  48466.05 99
111036.1  48466.30 99
111037.1  48466.37 99
111038.1  48465.92 99
111039.1  48464.86 99
111040.1  48464.07 99
111041.1  48463.63 99
111042.1  48463.06 99
111043.1  48462.89 99
111044.1  48463.52 99
111045.1  48464.72 99
111046.1  48465.46 99
111047.1  48465.56 99
111048.1  48465.56 99
111049.1  48464.92 99
111050.1  48465.00 99
111051.1  48465.59 99
111052.1  48466.34 99
111053.1  48466.79 99
111054.1  48466.85 99
111055.1  48466.85 99
111056.1  48466.69 99
111057.1  48466.51 99
111058.1  48466.66 99
111059.1  48467.29 99
111100.1  48467.64 99
111101.1  48467.11 99
111102.1  48466.41 99
111103.1  48465.41 99
111104.1  48464.62 99
111105.1  48463.94 99
111106.1  48463.51 99
111107.1  48462.82 99
111108.1  48462.72 99
111109.1  48463.35 99
111110.1  48463.38 99
111111.1  48463.07 99
111112.1  48462.61 99
111113.1  48462.53 99
111114.1  48463.20 99
111115.1  48463.33 99
111116.1  48463.38 99
111117.1  48463.23 99
111118.1  48463.61 99
111119.1  48463.81 99
111120.1  48464.30 99
111121.1  48464.80 99
111122.1  48464.37 99
111123.1  48464.05 99
111124.1  48463.98 99
111125.1  48463.75 99
111126.1  48463.82 99
111127.1  48463.77 99
111128.1  48463.83 99
111129.1  48464.11 99
111130.1  48463.86 99
111131.1  48464.25 99
111132.1  48464.05 99
111133.1  48463.67 99
111134.1  48463.83 99
111135.1  48465.60 99
111136.1  48466.23 99
111137.1  48466.62 99
111138.1  48467.69 99
111139.1  48468.50 99
111140.1  48468.90 99
111141.1  48469.49 99
111142.1  48469.77 99
111143.1  48469.41 99
111144.1  48468.83 99
111145.1  48467.90 99
111146.1  48467.45 99
111147.1  48467.48 99
111148.1  48467.68 99
111149.1  48467.73 99
111150.1  48467.37 99
111151.1  48466.65 99
111152.1  48466.67 99
111153.1  48467.31 99
111154.1  48467.76 99
111155.1  48468.47 99
111156.1  48468.72 99
111157.1  48468.68 99
111158.1  48468.49 99
111159.1  48468.42 99
111200.1  48468.13 99
111201.1  48467.80 99
111202.1  48467.63 99
111203.1  48467.57 99
111204.1  48467.37 99
111205.1  48466.69 99
111206.1  48465.77 99
111207.1  48465.02 99
111208.1  48464.23 99
111209.1  48463.71 99
111210.1  48463.55 99
111211.1  48463.69 99
111212.1  48463.68 99
111213.1  48464.07 99
111214.1  48465.17 99
111215.1  48464.34 99
111216.1  48463.70 99
111217.1  48464.04 99
111218.1  48465.25 99
111219.1  48465.98 99
111220.1  48466.73 99
111221.1  48466.93 99
111222.1  48466.70 99
111223.1  48465.95 99
111224.1  48466.10 99
111225.1  48465.85 99
111226.1  48465.29 99
111227.1  48464.87 99
111228.1  48464.94 99
111229.1  48464.92 99
111230.1  48464.68 99
111231.1  48464.71 99
111232.1  48464.85 99
111233.1  48465.43 99
111234.1  48465.63 99
111235.1  48465.86 99
111236.1  48466.80 99
111237.1  48467.13 99
111238.1  48467.39 99
111239.1  48467.57 99
111240.1  48467.72 99
111241.1  48467.89 99
111242.1  48466.78 99
111243.1  48466.06 99
111244.1  48466.10 99
111245.1  48465.92 99
111246.1  48465.20 99
111247.1  48464.93 99
111248.1  48465.14 99
111249.1  48465.04 99
111250.1  48465.11 99
111251.1  48465.47 99
111252.1  48465.44 99
111253.1  48465.96 99
111254.1  48466.62 99
111255.1  48466.55 99
111256.1  48466.35 99
111257.1  48466.16 99
111258.1  48466.02 99
111259.1  48465.28 99
111300.1  48464.49 99
111301.1  48464.24 99
111302.1  48464.39 99
111303.1  48465.02 99
111304.1  48465.25 99
111305.1  48464.86 99
111306.1  48464.52 99
111307.1  48464.75 99
111308.1  48465.35 99
111309.1  48466.06 99
111310.1  48465.99 99
111311.1  48465.69 99
111312.1  48465.66 99
111313.1  48466.03 99
111314.1  48466.38 99
111315.1  48466.67 99
111316.1  48466.65 99
111317.1  48467.05 99
111318.1  48467.34 99
111319.1  48467.14 99
111320.1  48466.88 99
111321.1  48466.61 99
111322.1  48466.92 99
111323.1  48467.14 99
111324.1  48466.79 99
111325.1  48466.64 99
111326.1  48466.20 99
111327.1  48465.80 99
111328.1  48465.42 99
111329.1  48465.59 99
111330.1  48465.92 99
111331.1  48465.74 99
111332.1  48465.48 99
111333.1  48464.69 99
111334.1  48464.12 99
111335.1  48464.22 99
111336.1  48464.65 99
111337.1  48464.98 99
111338.1  48465.35 99
111339.1  48465.32 99
111340.1  48465.17 99
111341.1  48465.52 99
111342.1  48465.48 99
111343.1  48465.13 99
111344.1  48465.13 99
111345.1  48465.98 99
111346.1  48466.50 99
111347.1  48466.91 99
111348.1  48466.78 99
111349.1  48466.31 99
111350.1  48466.14 99
111351.1  48465.53 99
111352.1  48465.09 99
111353.1  48465.04 99
111354.1  48465.11 99
111355.1  48465.24 99
111356.1  48465.34 99
111357.1  48464.73 99
111358.1  48463.80 99
111359.1  48463.61 99
111400.1  48464.21 99
111401.1  48464.42 99
111402.1  48464.77 99
111403.1  48465.09 99
111404.1  48465.67 99
111405.1  48466.15 99
111406.1  48466.72 99
111407.1  48467.27 99
111408.1  48466.96 99
111409.1  48466.37 99
111410.1  48465.31 99
111411.1  48464.50 99
111412.1  48463.50 99
111413.1  48463.80 99
111414.1  48464.54 99
111415.1  48464.64 99
111416.1  48464.34 99
111417.1  48464.01 99
111418.1  48463.45 99
111419.1  48462.83 99
111420.1  48462.55 99
111421.1  48462.13 99
111422.1  48463.02 99
111423.1  48462.99 99
111424.1  48463.53 99
111425.1  48464.22 99
111426.1  48464.19 99
111427.1  48464.29 99
111428.1  48465.17 99
111429.1  48465.82 99
111430.1  48465.49 99
111431.1  48465.18 99
111432.1  48465.89 99
111433.1  48466.02 99
111434.1  48465.69 99
111435.1  48465.05 99
111436.1  48464.79 99
111437.1  48464.36 99
111438.1  48464.26 99
111439.1  48464.40 99
111440.1  48463.98 99
111441.1  48463.96 99
111442.1  48464.41 99
111443.1  48464.83 99
111444.1  48464.08 99
111445.1  48463.91 99
111446.1  48464.03 99
111447.1  48464.47 99
111448.1  48465.80 99
111449.1  48466.51 99
111450.1  48466.76 99
111451.1  48467.13 99
111452.1  48467.35 99
111453.1  48467.53 99
111454.1  48467.67 99
111455.1  48467.64 99
111456.1  48467.66 99
111457.1  48467.67 99
111458.1  48467.13 99
111459.1  48466.89 99
111500.1  48466.57 99
111501.1  48466.36 99
111502.1  48466.46 99
111503.1  48466.13 99
111504.1  48465.42 99
111505.1  48465.28 99
111506.1  48465.51 99
111507.1  48465.69 99
111508.1  48465.96 99
111509.1  48466.61 99
111510.1  48466.91 99
111511.1  48466.57 99
111512.1  48465.73 99
111513.1  48465.54 99
111514.1  48464.67 99
111515.1  48463.92 99
111516.1  48463.31 99
111517.1  48462.83 99
111518.1  48462.54 99
111519.1  48462.96 99
111520.1  48463.14 99
111521.1  48462.62 99
111522.1  48462.36 99
111523.1  48462.19 99
111524.1  48462.10 99
111525.1  48462.66 99
111526.1  48463.47 99
111527.1  48464.07 99
111528.1  48464.65 99
111529.1  48464.66 99
111530.1  48464.35 99
111531.1  48464.43 99
111532.1  48463.94 99
111533.1  48463.72 99
111534.1  48463.71 99
111535.1  48463.41 99
111536.1  48463.11 99
111537.1  48463.14 99
111538.1  48464.03 99
111539.1  48464.12 99
111540.1  48463.91 99
111541.1  48463.78 99
111542.1  48463.85 99
111543.1  48463.56 99
111544.1  48463.40 99
111545.1  48463.21 99
111546.1  48462.87 99
111547.1  48462.82 99
111548.1  48463.63 99
111549.1  48464.39 99
111550.1  48465.55 99
111551.1  48466.28 99
111552.1  48466.67 99
111553.1  48466.86 99
111554.1  48466.93 99
111555.1  48466.67 99
111556.1  48466.35 99
111557.1  48466.33 99
111558.1  48467.03 99
111559.1  48467.20 99
111600.1  48467.60 99
111601.1  48467.42 99
111602.1  48467.26 99
111603.1  48466.91 99
111604.1  48467.08 99
111605.1  48467.02 99
111606.1  48466.82 99
111607.1  48466.35 99
111608.1  48466.39 99
111609.1  48466.34 99
111610.1  48465.87 99
111611.1  48465.61 99
111612.1  48465.40 99
111613.1  48465.58 99
111614.1  48466.26 99
111615.1  48466.12 99
111616.1  48465.21 99
111617.1  48465.29 99
111618.1  48465.25 99
111619.1  48464.76 99
111620.1  48463.98 99
111621.1  48463.64 99
111622.1  48463.49 99
111623.1  48463.24 99
111624.1  48463.80 99
111625.1  48463.91 99
111626.1  48463.81 99
111627.1  48464.10 99
111628.1  48464.30 99
111629.1  48464.37 99
111630.1  48464.40 99
111631.1  48464.45 99
111632.1  48463.67 99
111633.1  48463.53 99
111634.1  48463.67 99
111635.1  48463.78 99
111636.1  48464.26 99
111637.1  48464.41 99
111638.1  48464.71 99
111639.1  48464.69 99
111640.1  48464.04 99
111641.1  48463.55 99
111642.1  48462.76 99
111643.1  48463.05 99
111644.1  48463.19 99
111645.1  48463.38 99
111646.1  48464.37 99
111647.1  48465.13 99
111648.1  48464.96 99
111649.1  48464.76 99
111650.1  48464.48 99
111651.1  48464.38 99
111652.1  48464.67 99
111653.1  48464.87 99
111654.1  48465.18 99
111655.1  48465.37 99
111656.1  48465.35 99
111657.1  48466.04 99
111658.1  48466.44 99
111659.1  48466.70 99
111700.1  48466.82 99
111701.1  48466.83 99
111702.1  48466.66 99
111703.1  48466.20 99
111704.1  48465.53 99
111705.1  48465.01 99
111706.1  48465.45 99
111707.1  48466.21 99
111708.1  48466.22 99
111709.1  48466.27 99
111710.1  48466.47 99
111711.1  48466.37 99
111712.1  48466.53 99
111713.1  48467.02 99
111714.1  48466.88 99
111715.1  48466.05 99
111716.1  48466.08 99
111717.1  48466.81 99
111718.1  48467.29 99
111719.1  48467.92 99
111720.1  48468.74 99
111721.1  48468.52 99
111722.1  48468.58 99
111723.1  48468.78 99
111724.1  48468.91 99
111725.1  48468.97 99
111726.1  48468.70 99
111727.1  48468.58 99
111728.1  48468.40 99
111729.1  48468.04 99
111730.1  48467.53 99
111731.1  48467.37 99
111732.1  48467.40 99
111733.1  48467.04 99
111734.1  48466.10 99
111735.1  48465.70 99
111736.1  48466.25 99
111737.1  48467.03 99
111738.1  48466.87 99
111739.1  48465.95 99
111740.1  48465.42 99
111741.1  48465.82 99
111742.1  48466.63 99
111743.1  48466.68 99
111744.1  48466.15 99
111745.1  48465.80 99
111746.1  48465.47 99
111747.1  48465.17 99
111748.1  48465.04 99
111749.1  48464.82 99
111750.1  48464.12 99
111751.1  48463.74 99
111752.1  48463.61 99
111753.1  48463.78 99
111754.1  48463.88 99
111755.1  48464.03 99
111756.1  48464.06 99
111757.1  48464.27 99
111758.1  48464.40 99
111759.1  48464.48 99
111800.1  48464.90 99
111801.1  48465.62 99
111802.1  48466.29 99
111803.1  48466.93 99
111804.1  48467.48 99
111805.1  48467.87 99
111806.1  48468.00 99
111807.1  48467.81 99
111808.1  48467.59 99
111809.1  48467.83 99
111810.1  48467.38 99
111811.1  48466.88 99
111812.1  48466.94 99
111813.1  48466.97 99
111814.1  48467.22 99
111815.1  48467.31 99
111816.1  48466.92 99
111817.1  48467.06 99
111818.1  48467.16 99
111819.1  48466.86 99
111820.1  48466.42 99
111821.1  48465.93 99
111822.1  48465.72 99
111823.1  48465.51 99
111824.1  48465.07 99
111825.1  48465.52 99
111826.1  48465.97 99
111827.1  48465.89 99
111828.1  48465.88 99
111829.1  48465.39 99
111830.1  48464.73 99
111831.1  48464.70 99
111832.1  48465.10 99
111833.1  48465.48 99
111834.1  48465.39 99
111835.1  48465.58 99
111836.1  48465.64 99
111837.1  48465.77 99
111838.1  48465.93 99
111839.1  48465.22 99
111840.1  48464.64 99
111841.1  48464.75 99
111842.1  48465.28 99
111843.1  48465.80 99
111844.1  48466.82 99
111845.1  48467.53 99
111846.1  48467.72 99
111847.1  48467.73 99
111848.1  48467.76 99
111849.1  48467.83 99
111850.1  48467.60 99
111851.1  48466.70 99
111852.1  48465.90 99
111853.1  48465.52 99
111854.1  48465.83 99
111855.1  48466.31 99
111856.1  48467.09 99
111857.1  48466.37 99
111858.1  48465.62 99
111859.1  48465.67 99
111900.1  48465.57 99
111901.1  48465.69 99
111902.1  48466.73 99
111903.1  48467.24 99
111904.1  48467.61 99
111905.1  48467.93 99
111906.1  48468.08 99
111907.1  48468.09 99
111908.1  48467.83 99
111909.1  48468.12 99
111910.1  48467.01 99
111911.1  48466.98 99
111912.1  48467.21 99
111913.1  48467.44 99
111914.1  48468.04 99
111915.1  48468.03 99
111916.1  48468.04 99
111917.1  48467.85 99
111918.1  48468.01 99
111919.1  48467.67 99
111920.1  48466.99 99
111921.1  48467.71 99
111922.1  48467.90 99
111923.1  48467.02 99
111924.1  48468.30 99
111925.1  48467.25 99
111926.1  48467.01 99
111927.1  48466.71 99
111928.1  48466.55 99
111929.1  48466.17 99
111930.1  48466.04 99
111931.1  48466.52 99
111932.1  48466.12 99
111933.1  48466.53 99
111934.1  48466.73 99
111935.1  48466.95 99
111936.1  48466.71 99
111937.1  48466.72 99
111938.1  48464.11 99
111939.1  48464.45 99
111940.1  48465.31 99
111941.1  48465.86 99
111942.1  48466.06 99
111943.1  48467.14 99
111944.1  48468.64 99
111945.1  48468.75 99
111946.1  48468.06 99
111947.1  48469.10 99
111948.1  48469.71 99
111949.1  48470.28 99
111950.1  48470.64 99
111951.1  48470.98 99
111952.1  48470.80 99
111953.1  48470.64 99
111954.1  48470.31 99
111955.1  48470.12 99
111956.1  48469.77 99
111957.1  48469.32 99
111958.1  48469.05 99
111959.1  48466.89 99
112000.1  48466.77 99
112001.1  48466.94 99
112002.1  48467.14 99
112003.1  48467.69 99
112004.1  48467.92 99
112005.1  48468.74 99
112006.1  48467.72 99
112007.1  48468.42 99
112008.1  48466.41 99
112009.1  48465.97 99
112010.1  48466.17 99
112011.1  48466.83 99
112012.1  48466.49 99
112013.1  48466.14 99
112014.1  48467.62 99
112015.1  48467.99 99
112016.1  48467.54 99
112017.1  48467.74 99
112018.1  48467.39 99
112019.1  48467.18 99
112020.1  48466.45 99
112021.1  48465.76 99
112022.1  48465.58 99
112023.1  48465.96 99
112024.1  48466.63 99
112025.1  48466.92 99
112026.1  48467.46 99
112027.1  48468.04 99
112028.1  48468.28 99
112029.1  48469.02 99
112030.1  48469.35 99
112031.1  48469.28 99
112032.1  48469.01 99
112033.1  48468.48 99
112034.1  48468.10 99
112035.1  48468.27 99
112036.1  48468.22 99
112037.1  48468.47 99
112038.1  48469.04 99
112039.1  48469.41 99
112040.1  48469.73 99
112041.1  48469.51 99
112042.1  48468.89 99
112043.1  48468.84 99
112044.1  48468.52 99
112045.1  48468.30 99
112046.1  48467.61 99
112047.1  48467.47 99
112048.1  48467.63 99
112049.1  48467.70 99
112050.1  48467.53 99
112051.1  48466.90 99
112052.1  48466.78 99
112053.1  48466.66 99
112054.1  48466.89 99
112055.1  48466.89 99
112056.1  48466.53 99
112057.1  48466.35 99
112058.1  48466.66 99
112059.1  48466.57 99
112100.1  48466.63 99
112101.1  48467.44 99
112102.1  48467.75 99
112103.1  48467.90 99
112104.1  48468.04 99
112105.1  48467.73 99
112106.1  48468.16 99
112107.1  48468.62 99
112108.1  48469.35 99
112109.1  48470.19 99
112110.1  48470.61 99
112111.1  48470.31 99
112112.1  48470.19 99
112113.1  48470.73 99
112114.1  48471.29 99
112115.1  48471.21 99
112116.1  48471.03 99
112117.1  48470.34 99
112118.1  48469.54 99
112119.1  48468.68 99
112120.1  48468.65 99
112121.1  48473.04 99
112122.1  48470.52 99
112123.1  48470.37 99
112124.1  48470.39 99
112125.1  48470.31 99
112126.1  48470.63 99
112127.1  48471.09 99
112128.1  48471.31 99
112129.1  48470.87 99
112130.1  48470.58 99
112131.1  48470.71 99
112132.1  48470.25 99
112133.1  48469.76 99
112134.1  48469.67 99
112135.1  48469.32 99
112136.1  48468.95 99
112137.1  48468.97 99
112138.1  48469.16 99
112139.1  48469.58 99
112140.1  48469.53 99
112141.1  48469.31 99
112142.1  48469.14 99
112143.1  48468.57 99
112144.1  48467.94 99
112145.1  48467.59 99
112146.1  48466.69 99
112147.1  48466.53 99
112148.1  48466.57 99
112149.1  48467.13 99
112150.1  48468.00 99
112151.1  48467.46 99
112152.1  48466.88 99
112153.1  48466.84 99
112154.1  48467.56 99
112155.1  48468.17 99
112156.1  48468.68 99
112157.1  48468.72 99
112158.1  48467.72 99
112159.1  48467.22 99
112200.1  48467.48 99
112201.1  48467.78 99
112202.1  48467.85 99
112203.1  48468.36 99
112204.1  48469.01 99
112205.1  48469.50 99
112206.1  48469.55 99
112207.1  48470.12 99
112208.1  48470.52 99
112209.1  48470.62 99
112210.1  48470.58 99
112211.1  48470.25 99
112212.1  48470.17 99
112213.1  48470.36 99
112214.1  48470.07 99
112215.1  48469.68 99
112216.1  48469.03 99
112217.1  48469.12 99
112218.1  48469.23 99
112219.1  48469.07 99
112220.1  48469.14 99
112221.1  48469.20 99
112222.1  48468.92 99
112223.1  48469.74 99
112224.1  48469.67 99
112225.1  48469.45 99
112226.1  48468.82 99
112227.1  48468.86 99
112228.1  48468.79 99
112229.1  48468.57 99
112230.1  48468.12 99
112231.1  48468.34 99
112232.1  48468.77 99
112233.1  48469.19 99
112234.1  48469.65 99
112235.1  48469.57 99
112236.1  48469.69 99
112237.1  48469.33 99
112238.1  48469.34 99
112239.1  48469.54 99
112240.1  48469.40 99
112241.1  48468.55 99
112242.1  48467.56 99
112243.1  48467.02 99
112244.1  48467.16 99
112245.1  48467.73 99
112246.1  48468.46 99
112247.1  48468.87 99
112248.1  48468.49 99
112249.1  48468.42 99
112250.1  48467.90 99
112251.1  48467.07 99
112252.1  48466.82 99
112253.1  48466.65 99
112254.1  48466.52 99
112255.1  48466.50 99
112256.1  48466.47 99
112257.1  48466.79 99
112258.1  48466.89 99
112259.1  48466.79 99
112300.1  48466.67 99
112301.1  48466.74 99
112302.1  48466.72 99
112303.1  48466.72 99
112304.1  48466.65 99
112305.1  48466.98 99
112306.1  48467.20 99
112307.1  48467.60 99
112308.1  48467.95 99
112309.1  48468.13 99
112310.1  48468.51 99
112311.1  48469.09 99
112312.1  48469.32 99
112313.1  48469.80 99
112314.1  48469.90 99
112315.1  48469.80 99
112316.1  48469.19 99
112317.1  48468.78 99
112318.1  48468.03 99
112319.1  48467.84 99
112320.1  48467.72 99
112321.1  48467.91 99
112322.1  48468.21 99
112323.1  48468.20 99
112324.1  48468.18 99
112325.1  48468.88 99
112326.1  48469.58 99
112327.1  48470.10 99
112328.1  48470.31 99
112329.1  48469.89 99
112330.1  48469.30 99
112331.1  48468.34 99
112332.1  48467.50 99
112333.1  48467.18 99
112334.1  48467.14 99
112335.1  48467.89 99
112336.1  48469.22 99
112337.1  48469.52 99
112338.1  48469.88 99
112339.1  48470.14 99
112340.1  48470.33 99
112341.1  48470.52 99
112342.1  48471.15 99
112343.1  48471.32 99
112344.1  48471.45 99
112345.1  48471.21 99
112346.1  48470.65 99
112347.1  48470.27 99
112348.1  48470.25 99
112349.1  48470.02 99
112350.1  48469.87 99
112351.1  48469.48 99
112352.1  48468.81 99
112353.1  48468.51 99
112354.1  48468.43 99
112355.1  48468.42 99
112356.1  48468.57 99
112357.1  48468.35 99
112358.1  48468.26 99
112359.1  48468.28 99
112400.1  48468.51 99
112401.1  48468.95 99
112402.1  48469.31 99
112403.1  48469.52 99
112404.1  48470.03 99
112405.1  48469.78 99
112406.1  48469.27 99
112407.1  48468.92 99
112408.1  48468.48 99
112409.1  48468.00 99
112410.1  48467.53 99
112411.1  48467.42 99
112412.1  48467.23 99
112413.1  48467.31 99
112414.1  48467.76 99
112415.1  48467.77 99
112416.1  48467.53 99
112417.1  48467.93 99
112418.1  48467.60 99
112419.1  48467.68 99
112420.1  48467.62 99
112421.1  48467.96 99
112422.1  48467.78 99
112423.1  48467.39 99
112424.1  48467.51 99
112425.1  48467.49 99
112426.1  48467.88 99
112427.1  48467.98 99
112428.1  48467.45 99
112429.1  48467.32 99
112430.1  48467.13 99
112431.1  48467.72 99
112432.1  48467.96 99
112433.1  48468.04 99
112434.1  48468.35 99
112435.1  48468.56 99
112436.1  48468.79 99
112437.1  48468.32 99
112438.1  48468.59 99
112439.1  48468.26 99
112440.1  48467.91 99
112441.1  48467.11 99
112442.1  48466.71 99
112443.1  48467.38 99
112444.1  48467.85 99
112445.1  48468.48 99
112446.1  48469.41 99
112447.1  48469.93 99
112448.1  48470.71 99
112449.1  48471.59 99
112450.1  48471.83 99
112451.1  48471.79 99
112452.1  48471.87 99
112453.1  48471.58 99
112454.1  48471.39 99
112455.1  48470.44 99
112456.1  48469.84 99
112457.1  48469.57 99
112458.1  48469.49 99
112459.1  48469.34 99
112500.1  48469.40 99
112501.1  48469.56 99
112502.1  48469.83 99
112503.1  48469.68 99
112504.1  48469.58 99
112505.1  48469.94 99
112506.1  48470.42 99
112507.1  48470.53 99
112508.1  48470.61 99
112509.1  48470.32 99
112510.1  48469.98 99
112511.1  48469.98 99
112512.1  48469.82 99
112513.1  48469.60 99
112514.1  48469.10 99
112515.1  48468.55 99
112516.1  48468.20 99
112517.1  48468.23 99
112518.1  48468.85 99
112519.1  48469.17 99
112520.1  48469.50 99
112521.1  48469.91 99
112522.1  48469.84 99
112523.1  48470.18 99
112524.1  48470.88 99
112525.1  48471.50 99
112526.1  48471.93 99
112527.1  48472.25 99
112528.1  48471.97 99
112529.1  48471.50 99
112530.1  48471.20 99
112531.1  48471.02 99
112532.1  48470.76 99
112533.1  48469.97 99
112534.1  48469.30 99
112535.1  48469.17 99
112536.1  48468.37 99
112537.1  48468.98 99
112538.1  48469.70 99
112539.1  48469.70 99
112540.1  48469.98 99
112541.1  48469.85 99
112542.1  48469.95 99
112543.1  48470.21 99
112544.1  48470.58 99
112545.1  48471.04 99
112546.1  48471.31 99
112547.1  48471.12 99
112548.1  48470.84 99
112549.1  48470.21 99
112550.1  48469.91 99
112551.1  48469.57 99
112552.1  48469.12 99
112553.1  48469.08 99
112554.1  48469.19 99
112555.1  48469.16 99
112556.1  48469.17 99
112557.1  48468.53 99
112558.1  48467.88 99
112559.1  48467.09 99
112600.1  48466.79 99
112601.1  48466.46 99
112602.1  48466.50 99
112603.1  48466.70 99
112604.1  48466.80 99
112605.1  48466.62 99
112606.1  48466.37 99
112607.1  48466.76 99
112608.1  48466.37 99
112609.1  48466.60 99
112610.1  48467.72 99
112611.1  48468.26 99
112612.1  48468.05 99
112613.1  48467.61 99
112614.1  48467.88 99
112615.1  48467.72 99
112616.1  48468.14 99
112617.1  48468.40 99
112618.1  48469.01 99
112619.1  48468.84 99
112620.1  48469.16 99
112621.1  48469.56 99
112622.1  48470.27 99
112623.1  48470.87 99
112624.1  48471.21 99
112625.1  48470.96 99
112626.1  48470.78 99
112627.1  48470.68 99
112628.1  48469.83 99
112629.1  48469.36 99
112630.1  48469.49 99
112631.1  48469.90 99
112632.1  48470.04 99
112633.1  48469.88 99
112634.1  48469.91 99
112635.1  48469.97 99
112636.1  48470.24 99
