
Gem Systems GSM-19W 3101329 v6.0 24 X 2003 
ID 1 file 22c-ost .m   09 VII10


 0.00  0.00  48465.61 99 113553.8
 0.00  0.00  48463.76 99 113611.1
 0.00  0.00  48464.01 99 113619.8
 0.30  0.30  48465.27 99 113637.4
 0.60  0.60  48459.66 99 113646.2
 0.90  0.90  48448.05 99 113653.8
 0.00  0.00  48469.00 99 113841.7
 0.30  0.30  48466.72 99 113854.3
 0.60  0.60  48461.59 99 113902.6
 0.90  0.90  48456.44 99 113917.0
 1.20  1.20  48446.02 99 113929.9
 1.50  1.50  48467.40 99 113946.8
 1.80  1.80  48466.16 99 113958.8
 2.10  2.10  48461.64 99 114028.2
 2.40  2.40  48457.38 99 114035.8
 2.70  2.70  48448.15 99 114044.8
 3.00  3.00  48460.32 99 114100.7
 3.30  3.30  48458.44 99 114108.9
 3.60  3.60  48458.89 99 114116.7
 3.90  3.90  48459.01 99 114125.1
 4.20  4.20  48451.15 99 114131.6
 4.50  4.50  48462.78 99 114148.9
 4.80  4.80  48458.12 99 114207.5
 5.10  5.10  48464.04 99 114215.2
 5.40  5.40  48471.35 99 114222.7
 5.70  5.70  48498.59 99 114229.6
 6.00  6.00  48461.43 99 114242.1
 6.30  6.30  48463.43 99 114313.0
 6.60  6.60  48465.71 99 114321.3
 6.90  6.90  48468.85 99 114330.9
 7.20  7.20  48481.65 99 114341.4
 7.50  7.50  48459.18 99 114413.6
 7.80  7.80  48462.15 99 114425.2
 8.10  8.10  48467.43 99 114432.6
 8.40  8.40  48472.81 99 114439.8
 8.70  8.70  48487.03 99 114446.2
