
Gem Systems GSM-19W 3101329 v6.0 24 X 2003 
ID 1 file 24c-sch .b   09 VII10
datum  48000.00


123248.0  48539.44 99
123249.0  48540.63 99
123250.0  48540.81 99
123251.0  48539.05 99
123252.0  48537.75 99
123253.0  48538.27 99
123254.0  48539.58 99
123255.0  48541.39 99
123256.0  48539.44 99
123257.0  48537.21 99
123258.0  48535.22 99
123259.0  48536.13 99
123300.0  48537.86 99
123301.0  48540.35 99
123302.0  48539.65 99
123303.0  48538.68 99
123304.0  48536.82 99
123305.0  48536.90 99
123306.0  48538.26 99
123307.0  48540.38 99
123308.0  48541.36 99
123309.0  48540.70 99
123310.0  48539.26 99
123311.0  48537.27 99
123312.0  48538.60 99
123313.0  48540.47 99
123314.0  48541.07 99
123315.0  48542.24 99
123316.0  48540.86 99
123317.0  48539.63 99
123318.0  48538.35 99
123319.0  48537.58 99
123320.0  48538.04 99
123321.0  48539.94 99
123322.0  48540.79 99
123323.0  48539.16 99
123324.0  48537.36 99
123325.0  48534.74 99
123326.0  48535.44 99
123327.0  48537.11 99
123328.0  48539.41 99
123329.0  48538.25 99
123330.0  48536.85 99
123331.0  48534.92 99
123332.0  48536.09 99
123333.0  48537.11 99
123334.0  48538.48 99
123335.0  48538.46 99
123336.0  48537.45 99
123337.0  48535.14 99
123338.0  48534.22 99
123339.0  48535.53 99
123340.0  48536.93 99
123341.0  48539.17 99
123342.0  48538.76 99
123343.0  48537.69 99
123344.0  48536.58 99
123345.0  48535.38 99
123346.0  48536.30 99
123347.0  48537.43 99
123348.0  48539.27 99
123349.0  48538.40 99
123350.0  48536.71 99
123351.0  48535.51 99
123352.0  48534.41 99
123353.0  48535.85 99
123354.0  48536.58 99
123355.0  48538.26 99
123356.0  48538.11 99
123357.0  48537.45 99
123358.0  48536.37 99
123359.0  48536.13 99
123400.0  48537.17 99
123401.0  48537.79 99
123402.0  48539.02 99
123403.0  48539.75 99
123404.0  48538.79 99
123405.0  48538.22 99
123406.0  48536.47 99
123407.0  48538.15 99
123408.0  48539.90 99
123409.0  48543.05 99
123410.0  48543.69 99
123411.0  48542.56 99
123412.0  48540.35 99
123413.0  48538.83 99
123414.0  48540.21 99
123415.0  48541.46 99
123416.0  48543.43 99
123417.0  48542.43 99
123418.0  48540.75 99
123419.0  48539.05 99
123420.0  48539.35 99
123421.0  48540.40 99
123422.0  48541.99 99
123423.0  48543.37 99
123424.0  48541.14 99
123425.0  48539.22 99
123426.0  48537.52 99
123427.0  48539.05 99
123428.0  48539.96 99
123429.0  48540.93 99
123430.0  48541.26 99
123431.0  48539.98 99
123432.0  48538.10 99
123433.0  48536.70 99
123434.0  48538.18 99
123435.0  48541.10 99
123436.0  48543.05 99
123437.0  48541.69 99
123438.0  48540.65 99
123439.0  48538.87 99
123440.0  48539.43 99
123441.0  48541.15 99
123442.0  48541.97 99
123443.0  48541.29 99
123444.0  48540.22 99
123445.0  48538.69 99
123446.0  48538.84 99
123447.0  48540.41 99
123448.0  48543.57 99
123449.0  48543.61 99
123450.0  48541.79 99
123451.0  48540.14 99
123452.0  48538.25 99
123453.0  48539.09 99
123454.0  48540.10 99
123455.0  48541.70 99
123456.0  48540.78 99
123457.0  48539.45 99
123458.0  48537.68 99
123459.0  48536.52 99
123500.0  48537.32 99
123501.0  48539.10 99
123502.0  48540.95 99
123503.0  48541.25 99
123504.0  48539.93 99
123505.0  48538.06 99
123506.0  48538.22 99
123507.0  48539.01 99
123508.0  48539.93 99
123509.0  48540.21 99
123510.0  48538.37 99
123511.0  48536.33 99
123512.0  48534.75 99
123513.0  48536.03 99
123514.0  48538.79 99
123515.0  48540.78 99
123516.0  48541.36 99
123517.0  48540.22 99
123518.0  48537.99 99
123519.0  48536.95 99
123520.0  48537.77 99
123521.0  48539.45 99
123522.0  48541.69 99
123523.0  48540.21 99
123524.0  48539.12 99
123525.0  48537.93 99
123526.0  48539.04 99
123527.0  48540.01 99
123528.0  48540.88 99
123529.0  48542.75 99
123530.0  48540.68 99
123531.0  48539.55 99
123532.0  48537.65 99
123533.0  48538.68 99
123534.0  48540.42 99
123535.0  48542.61 99
123536.0  48542.71 99
123537.0  48542.02 99
123538.0  48541.34 99
123539.0  48539.99 99
123540.0  48538.48 99
123541.0  48539.70 99
123542.0  48541.02 99
123543.0  48542.78 99
123544.0  48541.57 99
123545.0  48540.22 99
123546.0  48537.57 99
123547.0  48538.18 99
123548.0  48539.26 99
123549.0  48541.35 99
123550.0  48543.61 99
123551.0  48542.55 99
123552.0  48541.45 99
123553.0  48539.31 99
123554.0  48539.25 99
123555.0  48540.61 99
123556.0  48543.14 99
123557.0  48543.54 99
123558.0  48542.14 99
123559.0  48540.32 99
123600.0  48539.93 99
123601.0  48541.04 99
123602.0  48542.67 99
123603.0  48544.07 99
123604.0  48542.13 99
123605.0  48540.70 99
123606.0  48539.13 99
123607.0  48540.12 99
123608.0  48541.72 99
123609.0  48543.38 99
123610.0  48542.78 99
123611.0  48541.33 99
123612.0  48539.67 99
123613.0  48538.73 99
123614.0  48539.73 99
123615.0  48541.64 99
123616.0  48543.46 99
123617.0  48542.10 99
123618.0  48540.12 99
123619.0  48538.06 99
123620.0  48538.32 99
123621.0  48539.49 99
123622.0  48539.23 99
123623.0  48541.30 99
123624.0  48539.92 99
123625.0  48538.84 99
123626.0  48536.39 99
123627.0  48538.09 99
123628.0  48540.02 99
123629.0  48542.20 99
123630.0  48542.58 99
123631.0  48542.99 99
123632.0  48539.58 99
123633.0  48539.14 99
123634.0  48540.13 99
123635.0  48541.93 99
123636.0  48542.53 99
123637.0  48541.11 99
123638.0  48539.11 99
123639.0  48538.82 99
123640.0  48540.85 99
123641.0  48542.50 99
123642.0  48544.22 99
123643.0  48541.90 99
123644.0  48540.16 99
123645.0  48538.76 99
123646.0  48538.61 99
123647.0  48539.68 99
123648.0  48541.32 99
123649.0  48543.92 99
123650.0  48542.03 99
123651.0  48540.80 99
123652.0  48539.57 99
123653.0  48540.35 99
123654.0  48541.55 99
123655.0  48543.90 99
123656.0  48543.97 99
123657.0  48543.87 99
123658.0  48542.30 99
123659.0  48539.91 99
123700.0  48539.91 99
123701.0  48541.12 99
123702.0  48542.61 99
123703.0  48542.40 99
123704.0  48540.60 99
123705.0  48538.43 99
123706.0  48537.92 99
123707.0  48539.16 99
123708.0  48540.67 99
123709.0  48542.25 99
123710.0  48540.82 99
123711.0  48538.66 99
123712.0  48536.31 99
123713.0  48536.96 99
123714.0  48539.03 99
123715.0  48541.47 99
123716.0  48540.78 99
123717.0  48539.65 99
123718.0  48537.96 99
123719.0  48538.66 99
123720.0  48540.33 99
123721.0  48542.31 99
123722.0  48541.34 99
123723.0  48538.70 99
123724.0  48537.54 99
123725.0  48538.17 99
123726.0  48539.35 99
123727.0  48542.14 99
123728.0  48540.85 99
123729.0  48540.06 99
123730.0  48537.88 99
123731.0  48537.15 99
123732.0  48538.24 99
123733.0  48539.86 99
123734.0  48542.66 99
123735.0  48542.50 99
123736.0  48541.08 99
123737.0  48539.15 99
123738.0  48538.76 99
123739.0  48540.35 99
123740.0  48543.32 99
123741.0  48543.75 99
123742.0  48542.27 99
123743.0  48541.02 99
123744.0  48539.05 99
123745.0  48539.55 99
123746.0  48540.01 99
123747.0  48540.64 99
123748.0  48541.94 99
123749.0  48539.90 99
123750.0  48538.37 99
123751.0  48536.21 99
123752.0  48536.81 99
123753.0  48538.10 99
123754.0  48540.54 99
123755.0  48540.30 99
123756.0  48539.45 99
123757.0  48537.73 99
123758.0  48536.65 99
123759.0  48538.80 99
123800.0  48540.51 99
123801.0  48541.88 99
123802.0  48541.19 99
123803.0  48539.65 99
123804.0  48537.19 99
123805.0  48538.51 99
123806.0  48540.68 99
123807.0  48541.36 99
123808.0  48543.50 99
123809.0  48542.01 99
123810.0  48540.66 99
123811.0  48538.43 99
123812.0  48539.21 99
123813.0  48540.16 99
123814.0  48542.54 99
123815.0  48541.80 99
123816.0  48540.88 99
123817.0  48539.68 99
123818.0  48539.54 99
123819.0  48540.69 99
123820.0  48542.01 99
123821.0  48543.85 99
123822.0  48542.45 99
123823.0  48541.31 99
123824.0  48539.52 99
123825.0  48540.38 99
123826.0  48542.01 99
123827.0  48543.75 99
123828.0  48545.09 99
123829.0  48543.57 99
123830.0  48541.65 99
123831.0  48540.22 99
123832.0  48541.63 99
123833.0  48542.83 99
123834.0  48543.87 99
123835.0  48542.61 99
123836.0  48541.00 99
123837.0  48539.13 99
123838.0  48537.29 99
123839.0  48538.39 99
123840.0  48540.77 99
123841.0  48541.47 99
123842.0  48541.25 99
123843.0  48540.02 99
123844.0  48537.58 99
123845.0  48537.83 99
123846.0  48538.66 99
123847.0  48538.82 99
123848.0  48539.05 99
123849.0  48537.96 99
123850.0  48537.04 99
123851.0  48535.64 99
123852.0  48538.09 99
123853.0  48540.38 99
123854.0  48542.00 99
123855.0  48540.20 99
123856.0  48538.38 99
123857.0  48536.93 99
123858.0  48538.40 99
123859.0  48540.12 99
123900.0  48541.92 99
123901.0  48541.43 99
123902.0  48540.04 99
123903.0  48538.45 99
123904.0  48538.41 99
123905.0  48539.54 99
123906.0  48541.04 99
123907.0  48543.16 99
123908.0  48541.87 99
123909.0  48540.48 99
123910.0  48539.65 99
123911.0  48540.90 99
123912.0  48543.01 99
123913.0  48545.39 99
123914.0  48544.02 99
123915.0  48542.39 99
123916.0  48540.09 99
123917.0  48540.57 99
123918.0  48541.09 99
123919.0  48542.74 99
123920.0  48541.97 99
123921.0  48540.78 99
123922.0  48538.36 99
123923.0  48537.69 99
123924.0  48538.53 99
123925.0  48540.15 99
123926.0  48541.83 99
123927.0  48540.43 99
123928.0  48538.75 99
123929.0  48536.86 99
123930.0  48536.53 99
123931.0  48537.44 99
123932.0  48539.49 99
123933.0  48540.59 99
123934.0  48540.07 99
123935.0  48539.29 99
123936.0  48537.90 99
123937.0  48537.62 99
123938.0  48539.43 99
123939.0  48541.22 99
123940.0  48544.04 99
123941.0  48543.80 99
123942.0  48543.64 99
123943.0  48542.54 99
123944.0  48541.69 99
123945.0  48542.69 99
123946.0  48544.32 99
123947.0  48546.38 99
123948.0  48545.54 99
123949.0  48543.74 99
123950.0  48540.75 99
123951.0  48541.17 99
123952.0  48542.21 99
123953.0  48544.97 99
123954.0  48545.55 99
123955.0  48543.90 99
123956.0  48542.64 99
123957.0  48540.72 99
123958.0  48539.99 99
123959.0  48540.72 99
124000.0  48541.18 99
124001.0  48542.32 99
124002.0  48543.13 99
124003.0  48541.90 99
124004.0  48539.61 99
124005.0  48537.91 99
124006.0  48538.12 99
124007.0  48539.51 99
124008.0  48541.69 99
124009.0  48540.73 99
124010.0  48539.30 99
124011.0  48537.34 99
124012.0  48537.87 99
124013.0  48539.41 99
124014.0  48541.62 99
124015.0  48542.32 99
124016.0  48540.98 99
124017.0  48538.42 99
124018.0  48537.73 99
124019.0  48538.81 99
124020.0  48540.40 99
124021.0  48541.69 99
124022.0  48539.95 99
124023.0  48538.02 99
124024.0  48536.24 99
124025.0  48537.23 99
124026.0  48538.97 99
124027.0  48541.46 99
124028.0  48540.82 99
124029.0  48539.31 99
124030.0  48537.53 99
124031.0  48538.68 99
124032.0  48540.16 99
124033.0  48541.53 99
124034.0  48542.59 99
124035.0  48541.45 99
124036.0  48540.13 99
124037.0  48539.10 99
124038.0  48540.05 99
124039.0  48541.03 99
124040.0  48541.90 99
124041.0  48543.39 99
124042.0  48541.42 99
124043.0  48539.79 99
124044.0  48537.75 99
124045.0  48537.86 99
124046.0  48539.47 99
124047.0  48540.99 99
124048.0  48542.58 99
124049.0  48541.80 99
124050.0  48540.08 99
124051.0  48538.96 99
124052.0  48539.82 99
124053.0  48540.55 99
124054.0  48542.25 99
124055.0  48543.60 99
124056.0  48542.05 99
124057.0  48540.72 99
124058.0  48538.90 99
124059.0  48540.53 99
124100.0  48542.19 99
124101.0  48543.80 99
124102.0  48545.14 99
124103.0  48543.02 99
124104.0  48541.37 99
124105.0  48538.89 99
124106.0  48539.65 99
124107.0  48541.02 99
124108.0  48542.36 99
124109.0  48543.77 99
124110.0  48542.90 99
124111.0  48542.07 99
124112.0  48540.96 99
124113.0  48541.54 99
124114.0  48541.89 99
124115.0  48543.64 99
124116.0  48543.32 99
124117.0  48540.69 99
124118.0  48538.44 99
124119.0  48536.41 99
124120.0  48537.79 99
124121.0  48539.58 99
124122.0  48542.02 99
124123.0  48540.67 99
124124.0  48539.32 99
124125.0  48536.92 99
124126.0  48537.91 99
124127.0  48539.14 99
124128.0  48542.14 99
124129.0  48541.06 99
124130.0  48539.79 99
124131.0  48537.06 99
124132.0  48536.92 99
124133.0  48537.81 99
124134.0  48540.48 99
124135.0  48541.19 99
124136.0  48539.76 99
124137.0  48537.87 99
124138.0  48535.46 99
124139.0  48536.32 99
124140.0  48537.69 99
124141.0  48539.59 99
124142.0  48539.98 99
124143.0  48538.39 99
124144.0  48536.44 99
124145.0  48534.43 99
124146.0  48535.46 99
124147.0  48537.48 99
124148.0  48539.26 99
124149.0  48540.21 99
124150.0  48539.59 99
124151.0  48537.99 99
124152.0  48538.02 99
124153.0  48539.69 99
124154.0  48541.57 99
124155.0  48543.43 99
124156.0  48542.81 99
124157.0  48542.09 99
124158.0  48539.98 99
124159.0  48540.07 99
124200.0  48541.44 99
124201.0  48543.41 99
124202.0  48544.62 99
124203.0  48542.91 99
124204.0  48540.95 99
124205.0  48539.13 99
124206.0  48539.32 99
124207.0  48540.40 99
124208.0  48542.88 99
124209.0  48541.83 99
124210.0  48539.85 99
124211.0  48538.23 99
124212.0  48534.95 99
124213.0  48535.59 99
124214.0  48536.89 99
124215.0  48539.84 99
124216.0  48538.92 99
124217.0  48537.99 99
124218.0  48536.05 99
124219.0  48537.06 99
124220.0  48538.38 99
124221.0  48541.03 99
124222.0  48540.34 99
124223.0  48539.27 99
124224.0  48537.63 99
124225.0  48536.94 99
124226.0  48538.76 99
124227.0  48542.20 99
124228.0  48541.67 99
124229.0  48540.40 99
124230.0  48538.88 99
124231.0  48536.86 99
124232.0  48538.53 99
124233.0  48540.61 99
124234.0  48541.56 99
124235.0  48542.56 99
124236.0  48541.55 99
124237.0  48539.97 99
124238.0  48538.64 99
124239.0  48539.89 99
124240.0  48542.28 99
124241.0  48544.53 99
124242.0  48542.94 99
124243.0  48541.13 99
124244.0  48539.37 99
124245.0  48539.16 99
124246.0  48540.03 99
124247.0  48541.27 99
124248.0  48541.96 99
124249.0  48540.98 99
124250.0  48539.92 99
124251.0  48538.56 99
124252.0  48538.97 99
124253.0  48540.15 99
124254.0  48542.79 99
124255.0  48544.04 99
124256.0  48543.47 99
124257.0  48541.80 99
124258.0  48539.48 99
124259.0  48539.17 99
124300.0  48539.13 99
124301.0  48539.52 99
124302.0  48539.61 99
124303.0  48538.81 99
124304.0  48537.65 99
124305.0  48535.59 99
124306.0  48536.43 99
124307.0  48537.65 99
124308.0  48539.49 99
124309.0  48540.66 99
124310.0  48539.79 99
124311.0  48538.56 99
124312.0  48536.75 99
124313.0  48537.82 99
124314.0  48539.15 99
124315.0  48541.38 99
124316.0  48539.96 99
124317.0  48538.61 99
124318.0  48536.08 99
124319.0  48535.66 99
124320.0  48536.04 99
124321.0  48537.08 99
124322.0  48541.26 99
124323.0  48542.25 99
124324.0  48541.38 99
124325.0  48538.78 99
124326.0  48539.06 99
124327.0  48539.76 99
124328.0  48542.05 99
124329.0  48543.74 99
124330.0  48542.31 99
124331.0  48539.93 99
124332.0  48538.39 99
124333.0  48539.18 99
124334.0  48540.30 99
124335.0  48542.45 99
124336.0  48541.88 99
124337.0  48540.90 99
124338.0  48538.92 99
124339.0  48537.83 99
124340.0  48538.69 99
124341.0  48539.44 99
124342.0  48540.92 99
124343.0  48542.59 99
124344.0  48541.42 99
124345.0  48539.40 99
124346.0  48538.54 99
124347.0  48539.93 99
124348.0  48542.09 99
124349.0  48543.43 99
124350.0  48543.06 99
124351.0  48541.51 99
124352.0  48538.84 99
124353.0  48537.84 99
124354.0  48538.44 99
124355.0  48539.71 99
124356.0  48540.78 99
124357.0  48539.14 99
124358.0  48537.36 99
124359.0  48535.68 99
124400.0  48537.24 99
124401.0  48540.15 99
124402.0  48543.93 99
124403.0  48543.28 99
124404.0  48542.00 99
124405.0  48539.55 99
124406.0  48539.01 99
124407.0  48539.76 99
124408.0  48541.44 99
124409.0  48543.46 99
124410.0  48541.76 99
124411.0  48540.42 99
124412.0  48538.94 99
124413.0  48540.13 99
124414.0  48542.03 99
124415.0  48544.51 99
124416.0  48543.48 99
124417.0  48542.22 99
124418.0  48540.02 99
124419.0  48540.63 99
124420.0  48541.29 99
124421.0  48542.94 99
124422.0  48544.31 99
124423.0  48543.08 99
124424.0  48541.70 99
124425.0  48539.26 99
124426.0  48539.53 99
124427.0  48540.30 99
124428.0  48541.19 99
124429.0  48541.81 99
124430.0  48541.03 99
124431.0  48540.11 99
124432.0  48538.53 99
124433.0  48539.66 99
124434.0  48541.53 99
124435.0  48544.44 99
124436.0  48545.32 99
124437.0  48544.16 99
124438.0  48542.18 99
124439.0  48540.02 99
124440.0  48540.98 99
124441.0  48542.51 99
124442.0  48543.38 99
124443.0  48542.46 99
124444.0  48541.73 99
124445.0  48540.16 99
124446.0  48539.85 99
124447.0  48540.20 99
124448.0  48541.03 99
124449.0  48542.80 99
124450.0  48542.42 99
124451.0  48540.10 99
124452.0  48537.49 99
124453.0  48538.33 99
124454.0  48539.48 99
124455.0  48541.68 99
124456.0  48542.38 99
124457.0  48540.95 99
124458.0  48539.27 99
124459.0  48537.29 99
124500.0  48538.28 99
124501.0  48539.39 99
124502.0  48541.13 99
124503.0  48541.06 99
124504.0  48539.80 99
124505.0  48538.17 99
124506.0  48537.63 99
124507.0  48538.39 99
124508.0  48539.23 99
124509.0  48539.24 99
124510.0  48541.27 99
124511.0  48541.73 99
124512.0  48541.50 99
124513.0  48540.03 99
124514.0  48538.90 99
124515.0  48540.44 99
124516.0  48541.43 99
124517.0  48543.69 99
124518.0  48542.17 99
124519.0  48540.51 99
124520.0  48538.32 99
124521.0  48539.41 99
124522.0  48540.78 99
124523.0  48542.23 99
124524.0  48542.50 99
124525.0  48541.57 99
124526.0  48539.54 99
124527.0  48537.41 99
124528.0  48538.11 99
124529.0  48539.29 99
124530.0  48542.42 99
124531.0  48541.78 99
124532.0  48540.29 99
124533.0  48538.67 99
124534.0  48537.97 99
124535.0  48539.25 99
124536.0  48540.09 99
124537.0  48540.93 99
124538.0  48542.44 99
124539.0  48540.94 99
124540.0  48539.61 99
124541.0  48537.51 99
124542.0  48538.59 99
124543.0  48539.44 99
124544.0  48541.32 99
124545.0  48539.66 99
124546.0  48537.54 99
124547.0  48535.47 99
124548.0  48536.74 99
124549.0  48538.32 99
124550.0  48539.66 99
124551.0  48540.37 99
124552.0  48539.95 99
124553.0  48539.30 99
124554.0  48538.14 99
124555.0  48538.66 99
124556.0  48539.76 99
124557.0  48542.48 99
124558.0  48541.55 99
124559.0  48541.16 99
124600.0  48539.70 99
124601.0  48538.39 99
124602.0  48539.63 99
124603.0  48542.15 99
124604.0  48543.46 99
124605.0  48543.71 99
124606.0  48543.01 99
124607.0  48541.46 99
124608.0  48542.34 99
124609.0  48543.19 99
124610.0  48544.72 99
124611.0  48544.82 99
124612.0  48542.89 99
124613.0  48540.48 99
124614.0  48537.83 99
124615.0  48538.39 99
124616.0  48539.44 99
124617.0  48539.81 99
124618.0  48541.76 99
124619.0  48540.84 99
124620.0  48539.40 99
124621.0  48537.55 99
124622.0  48537.13 99
124623.0  48538.95 99
124624.0  48541.71 99
124625.0  48542.78 99
124626.0  48541.31 99
124627.0  48539.48 99
124628.0  48538.32 99
124629.0  48539.57 99
124630.0  48540.62 99
124631.0  48541.91 99
124632.0  48542.83 99
124633.0  48541.42 99
124634.0  48539.82 99
124635.0  48538.72 99
124636.0  48539.94 99
124637.0  48542.03 99
124638.0  48542.93 99
124639.0  48544.82 99
124640.0  48544.33 99
124641.0  48542.98 99
124642.0  48541.65 99
124643.0  48540.19 99
124644.0  48540.46 99
124645.0  48541.57 99
124646.0  48544.00 99
124647.0  48544.35 99
124648.0  48543.45 99
124649.0  48541.94 99
124650.0  48539.60 99
124651.0  48539.91 99
124652.0  48540.94 99
124653.0  48542.65 99
124654.0  48543.78 99
124655.0  48542.39 99
124656.0  48540.68 99
124657.0  48538.82 99
124658.0  48539.13 99
124659.0  48539.67 99
124700.0  48541.60 99
124701.0  48541.65 99
124702.0  48540.62 99
124703.0  48539.29 99
124704.0  48537.41 99
124705.0  48538.48 99
124706.0  48540.54 99
124707.0  48542.81 99
124708.0  48541.84 99
124709.0  48540.72 99
124710.0  48539.25 99
124711.0  48538.11 99
124712.0  48539.20 99
124713.0  48540.95 99
124714.0  48543.51 99
124715.0  48542.35 99
124716.0  48541.21 99
124717.0  48540.23 99
124718.0  48539.42 99
124719.0  48540.47 99
124720.0  48542.07 99
124721.0  48544.48 99
124722.0  48542.77 99
124723.0  48541.30 99
124724.0  48539.13 99
124725.0  48539.27 99
124726.0  48540.70 99
124727.0  48541.69 99
124728.0  48543.53 99
124729.0  48543.03 99
124730.0  48541.28 99
124731.0  48539.03 99
124732.0  48538.29 99
124733.0  48538.95 99
124734.0  48540.95 99
124735.0  48541.99 99
124736.0  48540.29 99
124737.0  48539.02 99
124738.0  48537.01 99
124739.0  48536.97 99
124740.0  48537.51 99
124741.0  48539.49 99
124742.0  48541.97 99
124743.0  48541.31 99
124744.0  48540.32 99
124745.0  48538.38 99
124746.0  48538.51 99
124747.0  48539.33 99
124748.0  48541.86 99
124749.0  48542.30 99
124750.0  48541.23 99
124751.0  48538.23 99
124752.0  48537.74 99
124753.0  48539.07 99
124754.0  48540.31 99
124755.0  48543.12 99
124756.0  48542.30 99
124757.0  48541.15 99
124758.0  48539.15 99
124759.0  48538.78 99
124800.0  48539.78 99
124801.0  48542.29 99
124802.0  48544.07 99
124803.0  48542.69 99
124804.0  48541.32 99
124805.0  48539.64 99
124806.0  48540.85 99
124807.0  48542.63 99
124808.0  48544.64 99
124809.0  48543.32 99
124810.0  48541.79 99
124811.0  48539.27 99
124812.0  48539.27 99
124813.0  48539.77 99
124814.0  48540.54 99
124815.0  48542.28 99
124816.0  48541.24 99
124817.0  48539.91 99
124818.0  48538.75 99
124819.0  48539.36 99
124820.0  48540.28 99
124821.0  48542.81 99
124822.0  48542.72 99
124823.0  48541.19 99
124824.0  48539.27 99
124825.0  48537.89 99
124826.0  48538.29 99
124827.0  48540.07 99
124828.0  48541.86 99
124829.0  48540.39 99
124830.0  48538.20 99
124831.0  48536.62 99
124832.0  48537.82 99
124833.0  48538.95 99
124834.0  48540.94 99
124835.0  48539.62 99
124836.0  48538.69 99
124837.0  48537.01 99
124838.0  48536.64 99
124839.0  48537.79 99
124840.0  48540.15 99
124841.0  48539.40 99
124842.0  48538.04 99
124843.0  48536.34 99
124844.0  48537.15 99
124845.0  48538.33 99
124846.0  48540.05 99
124847.0  48541.72 99
124848.0  48539.67 99
124849.0  48537.88 99
124850.0  48535.86 99
124851.0  48536.91 99
124852.0  48538.49 99
124853.0  48540.91 99
124854.0  48541.28 99
124855.0  48540.19 99
124856.0  48538.39 99
124857.0  48538.59 99
124858.0  48539.69 99
124859.0  48541.31 99
124900.0  48541.18 99
124901.0  48540.61 99
124902.0  48538.82 99
124903.0  48537.88 99
124904.0  48540.16 99
124905.0  48542.41 99
124906.0  48543.47 99
124907.0  48544.50 99
124908.0  48543.27 99
124909.0  48541.49 99
124910.0  48539.85 99
124911.0  48540.67 99
124912.0  48542.83 99
124913.0  48543.74 99
124914.0  48541.60 99
124915.0  48538.68 99
124916.0  48537.94 99
124917.0  48539.84 99
124918.0  48541.95 99
124919.0  48544.65 99
124920.0  48543.12 99
124921.0  48541.31 99
124922.0  48538.74 99
124923.0  48539.69 99
124924.0  48540.70 99
124925.0  48541.80 99
124926.0  48542.72 99
124927.0  48539.67 99
124928.0  48537.06 99
124929.0  48535.16 99
124930.0  48536.02 99
124931.0  48537.89 99
124932.0  48539.99 99
124933.0  48539.63 99
124934.0  48538.45 99
124935.0  48537.20 99
124936.0  48535.98 99
124937.0  48537.13 99
124938.0  48538.62 99
124939.0  48541.04 99
124940.0  48539.74 99
124941.0  48537.87 99
124942.0  48535.43 99
124943.0  48536.12 99
124944.0  48537.83 99
124945.0  48538.22 99
124946.0  48539.42 99
124947.0  48538.50 99
124948.0  48537.45 99
124949.0  48536.70 99
124950.0  48535.58 99
124951.0  48536.87 99
124952.0  48538.72 99
124953.0  48540.44 99
124954.0  48540.93 99
124955.0  48539.91 99
124956.0  48537.73 99
124957.0  48537.25 99
124958.0  48539.22 99
124959.0  48542.13 99
125000.0  48543.56 99
125001.0  48542.33 99
125002.0  48540.05 99
125003.0  48539.10 99
125004.0  48539.80 99
125005.0  48539.87 99
125006.0  48542.62 99
125007.0  48543.52 99
125008.0  48541.61 99
125009.0  48540.13 99
125010.0  48538.63 99
125011.0  48537.68 99
125012.0  48538.57 99
125013.0  48540.81 99
125014.0  48542.30 99
125015.0  48541.17 99
125016.0  48540.06 99
125017.0  48538.34 99
125018.0  48538.98 99
125019.0  48540.70 99
125020.0  48541.90 99
125021.0  48542.96 99
125022.0  48541.35 99
125023.0  48539.58 99
125024.0  48537.39 99
125025.0  48538.28 99
125026.0  48539.57 99
125027.0  48541.32 99
125028.0  48539.99 99
125029.0  48538.42 99
125030.0  48536.45 99
125031.0  48535.67 99
125032.0  48536.07 99
125033.0  48537.23 99
125034.0  48538.54 99
125035.0  48537.28 99
125036.0  48536.43 99
125037.0  48535.04 99
125038.0  48535.95 99
125039.0  48536.97 99
125040.0  48539.66 99
125041.0  48542.50 99
125042.0  48541.13 99
125043.0  48539.56 99
125044.0  48537.56 99
125045.0  48538.61 99
125046.0  48540.69 99
125047.0  48541.85 99
125048.0  48542.40 99
125049.0  48539.77 99
125050.0  48536.77 99
125051.0  48534.85 99
125052.0  48536.31 99
125053.0  48538.42 99
125054.0  48540.62 99
125055.0  48539.71 99
125056.0  48538.83 99
125057.0  48537.29 99
125058.0  48537.66 99
125059.0  48538.10 99
125100.0  48539.86 99
125101.0  48542.58 99
125102.0  48541.51 99
125103.0  48541.05 99
125104.0  48539.25 99
125105.0  48540.84 99
125106.0  48541.90 99
125107.0  48543.75 99
125108.0  48541.84 99
125109.0  48540.42 99
125110.0  48538.62 99
125111.0  48537.52 99
125112.0  48538.38 99
125113.0  48540.35 99
125114.0  48540.95 99
125115.0  48539.38 99
125116.0  48538.00 99
125117.0  48536.62 99
125118.0  48538.28 99
125119.0  48539.14 99
125120.0  48540.69 99
125121.0  48539.79 99
125122.0  48538.31 99
125123.0  48537.12 99
125124.0  48537.66 99
125125.0  48538.80 99
125126.0  48541.35 99
125127.0  48543.14 99
125128.0  48541.89 99
125129.0  48540.89 99
125130.0  48539.21 99
125131.0  48539.11 99
125132.0  48540.13 99
125133.0  48542.41 99
125134.0  48542.32 99
125135.0  48541.29 99
125136.0  48539.07 99
125137.0  48539.21 99
125138.0  48541.37 99
125139.0  48543.64 99
125140.0  48545.14 99
125141.0  48545.37 99
125142.0  48543.65 99
125143.0  48541.31 99
125144.0  48539.71 99
125145.0  48541.17 99
125146.0  48542.33 99
125147.0  48544.12 99
125148.0  48542.39 99
125149.0  48540.84 99
125150.0  48538.13 99
125151.0  48538.06 99
125152.0  48539.03 99
125153.0  48540.95 99
125154.0  48542.38 99
125155.0  48541.87 99
125156.0  48538.92 99
125157.0  48535.91 99
125158.0  48536.35 99
125159.0  48537.19 99
125200.0  48538.60 99
125201.0  48538.52 99
125202.0  48537.70 99
125203.0  48537.28 99
125204.0  48536.42 99
125205.0  48537.43 99
125206.0  48538.70 99
125207.0  48541.55 99
125208.0  48540.26 99
125209.0  48538.77 99
125210.0  48536.31 99
125211.0  48537.22 99
125212.0  48538.98 99
125213.0  48541.03 99
125214.0  48540.03 99
125215.0  48538.72 99
125216.0  48536.86 99
125217.0  48535.52 99
125218.0  48537.08 99
125219.0  48539.28 99
125220.0  48541.11 99
125221.0  48539.74 99
125222.0  48537.69 99
125223.0  48535.64 99
125224.0  48537.57 99
125225.0  48539.05 99
125226.0  48540.49 99
125227.0  48541.49 99
125228.0  48539.88 99
125229.0  48538.17 99
125230.0  48536.00 99
125231.0  48536.49 99
125232.0  48537.54 99
125233.0  48540.08 99
125234.0  48539.96 99
125235.0  48539.78 99
125236.0  48538.15 99
125237.0  48539.03 99
125238.0  48540.59 99
125239.0  48542.57 99
125240.0  48541.13 99
125241.0  48540.09 99
125242.0  48538.50 99
125243.0  48539.50 99
125244.0  48541.55 99
125245.0  48544.08 99
125246.0  48543.42 99
125247.0  48542.11 99
125248.0  48540.91 99
125249.0  48541.25 99
125250.0  48542.65 99
125251.0  48544.41 99
125252.0  48543.89 99
125253.0  48542.86 99
125254.0  48542.31 99
125255.0  48541.45 99
125256.0  48542.46 99
125257.0  48543.66 99
125258.0  48545.71 99
125259.0  48544.03 99
125300.0  48542.47 99
125301.0  48540.94 99
125302.0  48540.75 99
125303.0  48541.43 99
125304.0  48541.69 99
125305.0  48543.66 99
125306.0  48541.90 99
125307.0  48539.52 99
125308.0  48537.88 99
125309.0  48539.52 99
125310.0  48541.00 99
125311.0  48542.91 99
125312.0  48542.09 99
125313.0  48541.29 99
125314.0  48538.61 99
125315.0  48539.25 99
125316.0  48540.70 99
125317.0  48541.18 99
125318.0  48543.53 99
125319.0  48542.08 99
125320.0  48540.35 99
125321.0  48538.96 99
125322.0  48537.87 99
125323.0  48539.28 99
125324.0  48541.78 99
125325.0  48543.00 99
125326.0  48541.24 99
125327.0  48539.90 99
125328.0  48537.77 99
125329.0  48538.81 99
125330.0  48540.31 99
125331.0  48542.57 99
125332.0  48541.70 99
125333.0  48540.00 99
125334.0  48535.99 99
125335.0  48535.83 99
125336.0  48536.98 99
125337.0  48539.20 99
125338.0  48538.92 99
125339.0  48537.65 99
125340.0  48537.37 99
125341.0  48536.07 99
125342.0  48535.97 99
125343.0  48537.14 99
125344.0  48539.08 99
125345.0  48541.55 99
125346.0  48540.12 99
125347.0  48538.68 99
125348.0  48536.99 99
125349.0  48536.96 99
125350.0  48538.14 99
125351.0  48540.02 99
125352.0  48540.74 99
125353.0  48539.36 99
125354.0  48538.13 99
125355.0  48536.30 99
125356.0  48537.71 99
125357.0  48538.88 99
125358.0  48540.74 99
125359.0  48540.11 99
125400.0  48538.67 99
125401.0  48537.19 99
125402.0  48537.74 99
125403.0  48539.27 99
125404.0  48542.08 99
125405.0  48542.45 99
125406.0  48541.24 99
125407.0  48538.91 99
125408.0  48537.94 99
125409.0  48539.85 99
125410.0  48541.34 99
125411.0  48542.94 99
125412.0  48544.03 99
125413.0  48542.62 99
125414.0  48541.33 99
125415.0  48538.98 99
125416.0  48540.43 99
125417.0  48542.17 99
125418.0  48545.22 99
125419.0  48544.47 99
125420.0  48543.04 99
125421.0  48541.57 99
125422.0  48539.20 99
125423.0  48539.75 99
125424.0  48539.85 99
125425.0  48542.88 99
125426.0  48541.49 99
125427.0  48540.74 99
125428.0  48539.10 99
125429.0  48538.75 99
125430.0  48540.59 99
125431.0  48542.32 99
125432.0  48543.84 99
125433.0  48542.49 99
125434.0  48540.08 99
125435.0  48538.06 99
125436.0  48539.16 99
125437.0  48540.08 99
125438.0  48542.20 99
125439.0  48541.22 99
125440.0  48539.83 99
125441.0  48536.60 99
125442.0  48535.94 99
125443.0  48536.11 99
125444.0  48536.71 99
125445.0  48539.65 99
125446.0  48538.29 99
125447.0  48536.49 99
125448.0  48534.11 99
125449.0  48533.40 99
125450.0  48535.01 99
125451.0  48537.99 99
125452.0  48537.98 99
125453.0  48536.30 99
125454.0  48534.81 99
125455.0  48534.36 99
125456.0  48535.12 99
125457.0  48537.00 99
125458.0  48539.80 99
125459.0  48541.04 99
125500.0  48540.15 99
125501.0  48539.48 99
125502.0  48538.64 99
125503.0  48540.48 99
125504.0  48541.82 99
125505.0  48542.43 99
125506.0  48542.85 99
125507.0  48542.45 99
125508.0  48541.19 99
125509.0  48540.86 99
125510.0  48541.93 99
125511.0  48542.62 99
125512.0  48544.24 99
125513.0  48544.37 99
125514.0  48542.64 99
125515.0  48541.01 99
125516.0  48538.78 99
125517.0  48540.14 99
125518.0  48542.11 99
125519.0  48543.44 99
125520.0  48542.72 99
125521.0  48540.79 99
125522.0  48538.61 99
125523.0  48538.63 99
125524.0  48538.89 99
125525.0  48540.86 99
125526.0  48541.87 99
125527.0  48540.75 99
125528.0  48539.44 99
125529.0  48538.29 99
125530.0  48539.57 99
125531.0  48541.25 99
125532.0  48543.21 99
125533.0  48541.74 99
125534.0  48540.30 99
125535.0  48538.20 99
125536.0  48538.24 99
125537.0  48539.74 99
125538.0  48541.69 99
125539.0  48542.23 99
125540.0  48540.51 99
125541.0  48539.33 99
125542.0  48537.45 99
125543.0  48537.69 99
125544.0  48538.96 99
125545.0  48541.05 99
125546.0  48541.55 99
125547.0  48540.40 99
125548.0  48537.87 99
125549.0  48535.67 99
125550.0  48536.71 99
125551.0  48539.15 99
125552.0  48541.21 99
125553.0  48540.09 99
125554.0  48538.30 99
125555.0  48536.67 99
125556.0  48537.91 99
125557.0  48539.50 99
125558.0  48541.29 99
125559.0  48540.96 99
125600.0  48540.20 99
125601.0  48538.40 99
125602.0  48537.59 99
125603.0  48538.51 99
125604.0  48539.33 99
125605.0  48541.13 99
125606.0  48539.85 99
125607.0  48538.08 99
125608.0  48535.33 99
125609.0  48536.37 99
125610.0  48537.84 99
125611.0  48540.05 99
125612.0  48538.59 99
125613.0  48537.47 99
125614.0  48535.33 99
125615.0  48536.39 99
125616.0  48537.64 99
125617.0  48540.48 99
125618.0  48539.95 99
125619.0  48539.11 99
125620.0  48538.01 99
125621.0  48537.20 99
125622.0  48538.58 99
125623.0  48540.04 99
125624.0  48542.40 99
125625.0  48541.42 99
125626.0  48540.98 99
125627.0  48538.50 99
125628.0  48538.34 99
125629.0  48539.37 99
125630.0  48539.91 99
125631.0  48542.85 99
125632.0  48541.70 99
125633.0  48540.54 99
125634.0  48538.35 99
125635.0  48539.65 99
125636.0  48541.79 99
125637.0  48544.39 99
125638.0  48543.88 99
125639.0  48542.57 99
125640.0  48540.69 99
125641.0  48541.42 99
125642.0  48543.00 99
125643.0  48545.30 99
125644.0  48545.04 99
125645.0  48543.62 99
125646.0  48541.52 99
125647.0  48540.03 99
125648.0  48541.06 99
125649.0  48542.42 99
125650.0  48544.90 99
125651.0  48542.99 99
125652.0  48541.32 99
125653.0  48538.81 99
125654.0  48538.80 99
125655.0  48539.76 99
125656.0  48541.24 99
125657.0  48542.56 99
125658.0  48542.96 99
125659.0  48541.61 99
125700.0  48539.56 99
125701.0  48538.31 99
125702.0  48539.29 99
125703.0  48540.97 99
125704.0  48543.54 99
125705.0  48542.53 99
125706.0  48541.29 99
125707.0  48539.09 99
125708.0  48539.80 99
125709.0  48541.35 99
125710.0  48542.90 99
125711.0  48542.11 99
125712.0  48539.62 99
125713.0  48536.58 99
125714.0  48535.64 99
125715.0  48536.16 99
125716.0  48537.31 99
125717.0  48538.69 99
125718.0  48538.29 99
125719.0  48537.38 99
125720.0  48535.10 99
125721.0  48533.41 99
125722.0  48533.75 99
125723.0  48536.47 99
125724.0  48538.07 99
125725.0  48537.05 99
125726.0  48535.46 99
125727.0  48535.11 99
125728.0  48537.34 99
125729.0  48539.43 99
125730.0  48542.02 99
125731.0  48543.04 99
125732.0  48541.97 99
125733.0  48540.25 99
125734.0  48539.03 99
125735.0  48540.11 99
125736.0  48541.50 99
125737.0  48542.57 99
125738.0  48541.36 99
125739.0  48540.04 99
125740.0  48538.19 99
125741.0  48537.17 99
125742.0  48538.49 99
125743.0  48539.83 99
125744.0  48541.45 99
125745.0  48540.40 99
125746.0  48539.20 99
125747.0  48538.02 99
125748.0  48539.32 99
125749.0  48540.73 99
125750.0  48542.07 99
125751.0  48543.26 99
125752.0  48541.96 99
125753.0  48540.21 99
125754.0  48538.53 99
125755.0  48538.44 99
125756.0  48538.88 99
125757.0  48539.14 99
125758.0  48542.00 99
125759.0  48540.75 99
125800.0  48540.00 99
125801.0  48538.03 99
125802.0  48537.39 99
125803.0  48537.87 99
125804.0  48539.77 99
125805.0  48541.19 99
125806.0  48540.47 99
125807.0  48539.36 99
125808.0  48537.94 99
125809.0  48539.36 99
125810.0  48540.40 99
125811.0  48542.23 99
125812.0  48544.18 99
125813.0  48542.25 99
125814.0  48540.79 99
125815.0  48539.34 99
125816.0  48540.45 99
125817.0  48541.35 99
125818.0  48541.88 99
125819.0  48543.87 99
125820.0  48541.88 99
125821.0  48539.81 99
125822.0  48537.77 99
125823.0  48537.45 99
125824.0  48538.18 99
125825.0  48540.20 99
125826.0  48542.06 99
125827.0  48540.00 99
125828.0  48538.43 99
125829.0  48535.93 99
125830.0  48536.79 99
125831.0  48538.05 99
125832.0  48538.88 99
125833.0  48540.05 99
125834.0  48538.70 99
125835.0  48537.47 99
125836.0  48536.67 99
125837.0  48538.79 99
125838.0  48541.40 99
125839.0  48542.55 99
125840.0  48541.62 99
125841.0  48540.09 99
125842.0  48538.15 99
125843.0  48539.40 99
125844.0  48541.20 99
125845.0  48543.34 99
125846.0  48542.62 99
125847.0  48540.17 99
125848.0  48537.96 99
125849.0  48536.98 99
125850.0  48537.66 99
125851.0  48539.14 99
125852.0  48541.13 99
125853.0  48539.75 99
125854.0  48538.03 99
125855.0  48536.47 99
125856.0  48536.45 99
125857.0  48538.38 99
125858.0  48540.60 99
125859.0  48540.91 99
125900.0  48538.75 99
125901.0  48536.92 99
125902.0  48535.68 99
125903.0  48536.20 99
125904.0  48537.77 99
125905.0  48539.99 99
125906.0  48541.15 99
125907.0  48539.63 99
125908.0  48537.59 99
125909.0  48536.72 99
125910.0  48537.58 99
125911.0  48539.04 99
125912.0  48540.63 99
125913.0  48541.04 99
125914.0  48539.89 99
125915.0  48538.39 99
125916.0  48536.63 99
125917.0  48537.98 99
125918.0  48539.41 99
125919.0  48540.81 99
125920.0  48539.97 99
125921.0  48538.76 99
125922.0  48536.89 99
125923.0  48537.11 99
125924.0  48538.37 99
125925.0  48539.81 99
125926.0  48542.13 99
125927.0  48541.50 99
125928.0  48540.23 99
125929.0  48538.78 99
125930.0  48538.46 99
125931.0  48539.20 99
125932.0  48540.50 99
125933.0  48541.91 99
125934.0  48541.58 99
125935.0  48540.69 99
125936.0  48538.42 99
125937.0  48539.62 99
125938.0  48541.86 99
125939.0  48544.60 99
125940.0  48544.05 99
125941.0  48543.17 99
125942.0  48540.65 99
125943.0  48540.67 99
125944.0  48542.00 99
125945.0  48542.89 99
125946.0  48544.66 99
125947.0  48544.05 99
125948.0  48542.94 99
125949.0  48541.13 99
125950.0  48539.28 99
125951.0  48540.13 99
125952.0  48540.71 99
125953.0  48542.18 99
125954.0  48542.14 99
125955.0  48540.79 99
125956.0  48539.14 99
125957.0  48537.73 99
125958.0  48537.53 99
125959.0  48538.53 99
130000.0  48539.71 99
130001.0  48542.36 99
130002.0  48541.21 99
130003.0  48539.86 99
130004.0  48538.31 99
130005.0  48537.61 99
130006.0  48538.23 99
130007.0  48540.21 99
130008.0  48541.29 99
130009.0  48539.68 99
130010.0  48538.34 99
130011.0  48536.25 99
130012.0  48536.71 99
130013.0  48538.08 99
130014.0  48540.09 99
130015.0  48538.34 99
130016.0  48536.87 99
130017.0  48535.28 99
130018.0  48536.21 99
130019.0  48537.57 99
130020.0  48540.27 99
130021.0  48539.47 99
130022.0  48538.75 99
130023.0  48536.74 99
130024.0  48537.39 99
130025.0  48538.87 99
130026.0  48540.13 99
130027.0  48542.03 99
130028.0  48540.98 99
130029.0  48538.86 99
130030.0  48536.88 99
130031.0  48537.88 99
130032.0  48538.98 99
130033.0  48540.36 99
130034.0  48542.21 99
130035.0  48540.85 99
130036.0  48540.16 99
130037.0  48537.53 99
130038.0  48535.52 99
130039.0  48536.26 99
130040.0  48537.88 99
130041.0  48539.81 99
130042.0  48538.45 99
130043.0  48537.43 99
130044.0  48535.86 99
130045.0  48536.57 99
130046.0  48538.15 99
130047.0  48540.91 99
130048.0  48541.68 99
130049.0  48540.20 99
130050.0  48538.10 99
130051.0  48536.75 99
130052.0  48538.54 99
130053.0  48540.53 99
130054.0  48542.52 99
130055.0  48541.78 99
130056.0  48541.37 99
130057.0  48538.47 99
130058.0  48538.46 99
130059.0  48539.93 99
130100.0  48541.94 99
130101.0  48542.90 99
130102.0  48541.52 99
130103.0  48539.82 99
130104.0  48538.41 99
130105.0  48539.83 99
130106.0  48541.06 99
130107.0  48541.50 99
130108.0  48542.21 99
130109.0  48540.47 99
130110.0  48539.07 99
130111.0  48536.56 99
130112.0  48537.76 99
130113.0  48539.23 99
130114.0  48541.99 99
130115.0  48541.48 99
130116.0  48539.32 99
130117.0  48538.04 99
130118.0  48536.82 99
130119.0  48538.01 99
130120.0  48539.68 99
130121.0  48541.97 99
130122.0  48540.82 99
130123.0  48539.39 99
130124.0  48537.62 99
130125.0  48538.56 99
130126.0  48540.17 99
130127.0  48543.15 99
130128.0  48542.05 99
130129.0  48541.02 99
130130.0  48539.81 99
130131.0  48538.36 99
130132.0  48539.40 99
130133.0  48540.32 99
130134.0  48541.92 99
130135.0  48542.57 99
130136.0  48541.54 99
130137.0  48540.30 99
130138.0  48538.16 99
130139.0  48539.45 99
130140.0  48540.88 99
130141.0  48542.20 99
130142.0  48542.80 99
130143.0  48540.85 99
130144.0  48538.14 99
130145.0  48536.60 99
130146.0  48536.97 99
130147.0  48538.96 99
130148.0  48540.52 99
130149.0  48541.81 99
130150.0  48541.25 99
130151.0  48539.61 99
130152.0  48537.09 99
130153.0  48538.80 99
130154.0  48540.91 99
130155.0  48542.12 99
130156.0  48541.05 99
130157.0  48539.88 99
130158.0  48538.71 99
130159.0  48538.31 99
130200.0  48539.23 99
130201.0  48540.49 99
130202.0  48542.38 99
130203.0  48542.60 99
130204.0  48541.29 99
130205.0  48539.41 99
130206.0  48537.69 99
130207.0  48538.69 99
130208.0  48540.41 99
130209.0  48542.72 99
130210.0  48541.40 99
130211.0  48540.41 99
130212.0  48538.19 99
130213.0  48537.77 99
130214.0  48538.59 99
130215.0  48539.38 99
130216.0  48541.88 99
130217.0  48540.26 99
130218.0  48538.79 99
130219.0  48537.02 99
130220.0  48538.49 99
130221.0  48539.73 99
130222.0  48540.70 99
130223.0  48541.95 99
130224.0  48541.23 99
130225.0  48539.45 99
130226.0  48538.89 99
130227.0  48540.07 99
130228.0  48541.11 99
130229.0  48542.47 99
130230.0  48540.40 99
130231.0  48538.52 99
130232.0  48536.98 99
130233.0  48537.46 99
130234.0  48538.54 99
130235.0  48540.57 99
130236.0  48542.30 99
130237.0  48541.47 99
130238.0  48540.58 99
130239.0  48538.72 99
130240.0  48539.68 99
130241.0  48540.61 99
130242.0  48542.35 99
130243.0  48543.27 99
130244.0  48541.81 99
130245.0  48540.90 99
130246.0  48538.83 99
130247.0  48539.70 99
130248.0  48541.01 99
130249.0  48543.31 99
130250.0  48542.85 99
130251.0  48540.81 99
130252.0  48538.42 99
130253.0  48538.39 99
130254.0  48540.17 99
130255.0  48540.57 99
130256.0  48541.98 99
130257.0  48542.01 99
130258.0  48540.46 99
130259.0  48539.04 99
130300.0  48537.78 99
130301.0  48539.11 99
130302.0  48540.75 99
130303.0  48542.94 99
130304.0  48542.32 99
130305.0  48541.06 99
130306.0  48538.18 99
130307.0  48537.59 99
130308.0  48538.92 99
130309.0  48540.13 99
130310.0  48541.26 99
130311.0  48539.73 99
130312.0  48538.46 99
130313.0  48537.41 99
130314.0  48538.89 99
130315.0  48540.88 99
130316.0  48543.75 99
130317.0  48542.48 99
130318.0  48540.07 99
130319.0  48537.72 99
130320.0  48538.24 99
130321.0  48539.29 99
130322.0  48541.19 99
130323.0  48540.41 99
130324.0  48538.76 99
130325.0  48536.58 99
130326.0  48537.42 99
130327.0  48538.46 99
130328.0  48539.63 99
130329.0  48540.76 99
130330.0  48539.37 99
130331.0  48537.59 99
130332.0  48536.03 99
130333.0  48538.18 99
130334.0  48539.54 99
130335.0  48541.10 99
130336.0  48543.55 99
130337.0  48542.77 99
130338.0  48541.25 99
130339.0  48539.29 99
130340.0  48540.72 99
130341.0  48542.31 99
130342.0  48544.68 99
130343.0  48542.75 99
130344.0  48541.53 99
130345.0  48539.65 99
130346.0  48540.69 99
130347.0  48542.34 99
130348.0  48543.41 99
130349.0  48544.57 99
130350.0  48543.10 99
130351.0  48541.33 99
130352.0  48538.86 99
130353.0  48539.40 99
130354.0  48540.01 99
130355.0  48541.24 99
130356.0  48542.30 99
130357.0  48540.22 99
130358.0  48538.13 99
130359.0  48536.00 99
130400.0  48536.37 99
130401.0  48537.88 99
130402.0  48539.45 99
130403.0  48540.26 99
130404.0  48538.75 99
130405.0  48537.39 99
130406.0  48536.85 99
130407.0  48538.60 99
130408.0  48541.21 99
130409.0  48542.74 99
130410.0  48541.47 99
130411.0  48540.14 99
130412.0  48538.20 99
130413.0  48539.36 99
130414.0  48540.81 99
130415.0  48542.22 99
130416.0  48541.26 99
130417.0  48538.92 99
130418.0  48537.00 99
130419.0  48534.95 99
130420.0  48536.13 99
130421.0  48537.55 99
130422.0  48540.68 99
130423.0  48539.45 99
130424.0  48537.82 99
130425.0  48536.76 99
130426.0  48535.79 99
130427.0  48537.53 99
130428.0  48539.42 99
130429.0  48541.79 99
130430.0  48539.84 99
130431.0  48538.12 99
130432.0  48535.13 99
130433.0  48535.72 99
130434.0  48536.40 99
130435.0  48539.57 99
130436.0  48538.44 99
130437.0  48537.53 99
130438.0  48536.30 99
130439.0  48538.32 99
130440.0  48540.92 99
130441.0  48542.99 99
130442.0  48541.35 99
130443.0  48539.23 99
130444.0  48536.72 99
130445.0  48536.97 99
130446.0  48537.77 99
130447.0  48538.68 99
130448.0  48539.50 99
130449.0  48540.65 99
130450.0  48539.01 99
130451.0  48537.06 99
130452.0  48536.31 99
130453.0  48538.41 99
130454.0  48540.35 99
130455.0  48542.18 99
130456.0  48540.31 99
130457.0  48538.50 99
130458.0  48536.30 99
130459.0  48537.58 99
130500.0  48539.36 99
130501.0  48541.99 99
130502.0  48540.32 99
130503.0  48539.12 99
130504.0  48537.97 99
130505.0  48538.78 99
130506.0  48539.97 99
130507.0  48541.30 99
130508.0  48541.63 99
130509.0  48540.25 99
130510.0  48537.89 99
130511.0  48535.80 99
130512.0  48537.17 99
130513.0  48539.12 99
130514.0  48540.81 99
130515.0  48539.78 99
130516.0  48538.73 99
130517.0  48535.76 99
130518.0  48536.80 99
130519.0  48538.29 99
130520.0  48540.38 99
130521.0  48539.90 99
130522.0  48539.02 99
130523.0  48536.66 99
130524.0  48536.66 99
130525.0  48537.38 99
130526.0  48539.74 99
130527.0  48540.54 99
130528.0  48539.21 99
130529.0  48537.43 99
130530.0  48536.39 99
130531.0  48538.39 99
130532.0  48540.30 99
130533.0  48541.85 99
130534.0  48541.94 99
130535.0  48539.96 99
130536.0  48538.34 99
130537.0  48537.64 99
130538.0  48538.58 99
130539.0  48540.64 99
130540.0  48541.41 99
130541.0  48539.73 99
130542.0  48538.67 99
130543.0  48537.21 99
130544.0  48538.19 99
130545.0  48539.12 99
130546.0  48540.53 99
130547.0  48539.57 99
130548.0  48538.53 99
130549.0  48535.98 99
130550.0  48535.05 99
130551.0  48535.90 99
130552.0  48538.59 99
130553.0  48538.79 99
130554.0  48538.59 99
130555.0  48537.06 99
130556.0  48537.65 99
130557.0  48538.35 99
130558.0  48539.34 99
130559.0  48541.78 99
130600.0  48541.23 99
130601.0  48539.60 99
130602.0  48538.12 99
130603.0  48538.49 99
130604.0  48539.63 99
130605.0  48542.03 99
130606.0  48542.81 99
130607.0  48541.56 99
130608.0  48539.27 99
130609.0  48537.80 99
130610.0  48538.13 99
130611.0  48538.87 99
130612.0  48539.94 99
130613.0  48540.40 99
130614.0  48539.55 99
130615.0  48537.34 99
130616.0  48536.59 99
130617.0  48537.71 99
130618.0  48538.72 99
130619.0  48541.75 99
130620.0  48540.66 99
130621.0  48538.94 99
130622.0  48536.45 99
130623.0  48537.21 99
130624.0  48539.50 99
130625.0  48542.35 99
130626.0  48542.04 99
130627.0  48541.41 99
130628.0  48540.72 99
130629.0  48539.67 99
130630.0  48540.55 99
130631.0  48541.86 99
130632.0  48543.46 99
130633.0  48542.03 99
130634.0  48540.20 99
130635.0  48538.20 99
130636.0  48538.88 99
130637.0  48540.46 99
130638.0  48542.29 99
130639.0  48541.14 99
130640.0  48539.39 99
130641.0  48537.35 99
130642.0  48538.49 99
130643.0  48539.55 99
130644.0  48541.38 99
130645.0  48540.98 99
130646.0  48539.85 99
130647.0  48537.25 99
130648.0  48535.60 99
130649.0  48536.13 99
130650.0  48537.52 99
130651.0  48539.85 99
130652.0  48539.64 99
130653.0  48539.76 99
130654.0  48538.36 99
130655.0  48539.47 99
130656.0  48540.23 99
130657.0  48541.36 99
130658.0  48543.09 99
130659.0  48540.91 99
130700.0  48538.95 99
130701.0  48537.04 99
130702.0  48536.96 99
130703.0  48538.12 99
130704.0  48539.38 99
130705.0  48541.26 99
130706.0  48541.90 99
130707.0  48540.78 99
130708.0  48539.29 99
130709.0  48537.22 99
130710.0  48538.35 99
130711.0  48539.75 99
130712.0  48542.27 99
130713.0  48540.83 99
130714.0  48540.06 99
130715.0  48538.37 99
130716.0  48537.16 99
130717.0  48537.29 99
130718.0  48537.62 99
130719.0  48540.07 99
130720.0  48538.54 99
130721.0  48537.41 99
130722.0  48535.76 99
130723.0  48535.59 99
130724.0  48536.43 99
130725.0  48537.95 99
130726.0  48540.11 99
130727.0  48539.31 99
130728.0  48537.78 99
130729.0  48535.70 99
130730.0  48537.37 99
130731.0  48539.03 99
130732.0  48541.70 99
130733.0  48541.29 99
130734.0  48539.75 99
130735.0  48538.53 99
130736.0  48537.47 99
130737.0  48539.30 99
130738.0  48540.56 99
130739.0  48542.13 99
130740.0  48543.74 99
130741.0  48542.93 99
130742.0  48541.09 99
130743.0  48539.17 99
130744.0  48540.44 99
130745.0  48541.14 99
130746.0  48540.81 99
130747.0  48541.31 99
130748.0  48539.80 99
130749.0  48538.91 99
130750.0  48536.61 99
130751.0  48536.32 99
130752.0  48536.78 99
130753.0  48538.84 99
130754.0  48540.97 99
130755.0  48539.67 99
130756.0  48537.78 99
130757.0  48536.60 99
130758.0  48539.30 99
130759.0  48541.46 99
130800.0  48544.00 99
130801.0  48543.22 99
130802.0  48541.40 99
130803.0  48538.99 99
130804.0  48538.14 99
130805.0  48539.27 99
130806.0  48541.32 99
130807.0  48542.43 99
130808.0  48539.96 99
130809.0  48538.38 99
130810.0  48536.61 99
130811.0  48537.78 99
130812.0  48539.68 99
130813.0  48540.88 99
130814.0  48541.38 99
130815.0  48540.05 99
130816.0  48538.34 99
130817.0  48536.56 99
130818.0  48537.64 99
130819.0  48537.70 99
130820.0  48539.97 99
130821.0  48540.46 99
130822.0  48538.52 99
130823.0  48536.77 99
130824.0  48535.40 99
130825.0  48536.07 99
130826.0  48537.80 99
130827.0  48540.06 99
130828.0  48539.37 99
130829.0  48538.79 99
130830.0  48538.30 99
130831.0  48537.97 99
130832.0  48539.03 99
130833.0  48540.09 99
130834.0  48540.33 99
130835.0  48540.69 99
130836.0  48538.70 99
130837.0  48537.08 99
130838.0  48535.19 99
130839.0  48536.25 99
130840.0  48538.34 99
130841.0  48542.18 99
130842.0  48542.05 99
130843.0  48540.65 99
130844.0  48540.01 99
130845.0  48537.96 99
130846.0  48538.27 99
130847.0  48540.15 99
130848.0  48541.55 99
130849.0  48540.05 99
130850.0  48538.47 99
130851.0  48536.52 99
130852.0  48537.40 99
130853.0  48538.87 99
130854.0  48539.69 99
130855.0  48539.65 99
130856.0  48538.74 99
130857.0  48537.49 99
130858.0  48535.97 99
130859.0  48535.86 99
130900.0  48536.96 99
130901.0  48538.47 99
130902.0  48536.49 99
130903.0  48534.93 99
130904.0  48532.51 99
130905.0  48534.37 99
130906.0  48536.91 99
130907.0  48540.46 99
130908.0  48540.61 99
130909.0  48539.73 99
130910.0  48537.94 99
130911.0  48536.84 99
130912.0  48538.58 99
130913.0  48539.94 99
130914.0  48542.14 99
130915.0  48541.44 99
130916.0  48540.35 99
130917.0  48538.72 99
130918.0  48537.76 99
130919.0  48539.17 99
130920.0  48540.32 99
130921.0  48541.61 99
130922.0  48539.63 99
130923.0  48538.25 99
130924.0  48535.65 99
130925.0  48535.68 99
130926.0  48536.99 99
130927.0  48538.22 99
130928.0  48539.59 99
130929.0  48537.78 99
130930.0  48536.09 99
130931.0  48534.42 99
130932.0  48535.78 99
130933.0  48537.12 99
130934.0  48539.87 99
130935.0  48539.42 99
130936.0  48538.19 99
130937.0  48535.57 99
130938.0  48536.07 99
130939.0  48536.90 99
130940.0  48539.21 99
130941.0  48539.64 99
130942.0  48538.05 99
130943.0  48536.48 99
130944.0  48535.18 99
130945.0  48535.99 99
130946.0  48536.76 99
130947.0  48539.45 99
130948.0  48539.68 99
130949.0  48538.32 99
130950.0  48537.03 99
130951.0  48536.15 99
130952.0  48537.38 99
130953.0  48539.27 99
130954.0  48540.99 99
130955.0  48539.54 99
130956.0  48537.15 99
130957.0  48534.55 99
130958.0  48535.62 99
130959.0  48536.79 99
131000.0  48537.77 99
131001.0  48539.25 99
131002.0  48538.76 99
131003.0  48537.08 99
131004.0  48535.28 99
131005.0  48535.55 99
131006.0  48537.06 99
131007.0  48538.37 99
131008.0  48540.92 99
131009.0  48539.25 99
131010.0  48537.31 99
131011.0  48535.90 99
131012.0  48536.22 99
131013.0  48537.48 99
131014.0  48539.29 99
131015.0  48540.24 99
131016.0  48538.84 99
131017.0  48536.98 99
131018.0  48535.86 99
131019.0  48536.75 99
131020.0  48537.25 99
131021.0  48539.63 99
131022.0  48541.32 99
131023.0  48540.17 99
131024.0  48538.79 99
131025.0  48536.19 99
131026.0  48536.12 99
131027.0  48537.23 99
131028.0  48538.01 99
131029.0  48540.48 99
131030.0  48539.42 99
131031.0  48537.86 99
131032.0  48536.39 99
131033.0  48537.97 99
131034.0  48540.20 99
131035.0  48542.22 99
131036.0  48540.40 99
131037.0  48538.66 99
131038.0  48535.78 99
131039.0  48535.33 99
131040.0  48535.78 99
131041.0  48537.65 99
131042.0  48539.13 99
131043.0  48539.09 99
131044.0  48537.49 99
131045.0  48535.31 99
131046.0  48534.60 99
131047.0  48536.15 99
131048.0  48537.87 99
131049.0  48539.59 99
131050.0  48538.00 99
131051.0  48536.53 99
131052.0  48534.64 99
131053.0  48535.80 99
131054.0  48536.93 99
131055.0  48537.77 99
131056.0  48539.28 99
131057.0  48537.49 99
131058.0  48535.43 99
131059.0  48533.77 99
131100.0  48534.74 99
131101.0  48536.45 99
131102.0  48538.93 99
131103.0  48538.37 99
131104.0  48538.77 99
131105.0  48539.03 99
131106.0  48537.80 99
131107.0  48539.52 99
131108.0  48541.24 99
131109.0  48542.52 99
131110.0  48540.87 99
131111.0  48539.11 99
131112.0  48537.43 99
131113.0  48537.62 99
131114.0  48538.26 99
131115.0  48540.01 99
131116.0  48540.61 99
131117.0  48539.48 99
131118.0  48537.60 99
131119.0  48535.77 99
131120.0  48537.02 99
131121.0  48537.90 99
131122.0  48540.10 99
131123.0  48539.11 99
131124.0  48537.64 99
131125.0  48535.80 99
131126.0  48536.28 99
131127.0  48537.60 99
131128.0  48538.39 99
131129.0  48539.86 99
131130.0  48539.38 99
131131.0  48538.28 99
131132.0  48536.60 99
131133.0  48537.26 99
131134.0  48538.59 99
131135.0  48540.68 99
131136.0  48542.42 99
131137.0  48540.48 99
131138.0  48538.72 99
131139.0  48537.11 99
131140.0  48537.28 99
131141.0  48538.80 99
131142.0  48540.00 99
131143.0  48540.63 99
131144.0  48540.49 99
131145.0  48538.85 99
131146.0  48536.29 99
131147.0  48533.46 99
131148.0  48534.06 99
131149.0  48535.49 99
131150.0  48536.90 99
131151.0  48539.52 99
131152.0  48538.77 99
131153.0  48537.34 99
131154.0  48535.32 99
131155.0  48536.25 99
131156.0  48536.44 99
131157.0  48536.28 99
131158.0  48537.94 99
131159.0  48536.18 99
131200.0  48534.66 99
131201.0  48532.40 99
131202.0  48532.43 99
131203.0  48532.87 99
131204.0  48532.81 99
131205.0  48535.15 99
131206.0  48536.34 99
131207.0  48535.13 99
131208.0  48534.18 99
131209.0  48532.45 99
131210.0  48532.72 99
131211.0  48533.93 99
131212.0  48535.65 99
131213.0  48537.40 99
131214.0  48537.03 99
131215.0  48535.40 99
131216.0  48533.10 99
131217.0  48533.16 99
131218.0  48534.19 99
131219.0  48535.86 99
131220.0  48537.42 99
131221.0  48537.05 99
131222.0  48536.32 99
131223.0  48534.98 99
131224.0  48534.44 99
131225.0  48535.74 99
131226.0  48536.82 99
131227.0  48539.27 99
131228.0  48538.04 99
131229.0  48536.87 99
131230.0  48534.96 99
131231.0  48536.05 99
131232.0  48537.50 99
131233.0  48539.60 99
131234.0  48538.83 99
131235.0  48537.10 99
131236.0  48535.38 99
131237.0  48534.83 99
131238.0  48535.33 99
131239.0  48537.18 99
131240.0  48538.43 99
131241.0  48540.30 99
131242.0  48539.38 99
131243.0  48537.22 99
131244.0  48534.80 99
131245.0  48535.71 99
131246.0  48537.19 99
131247.0  48538.90 99
131248.0  48538.18 99
131249.0  48536.54 99
131250.0  48534.39 99
131251.0  48535.19 99
131252.0  48536.74 99
131253.0  48539.83 99
131254.0  48538.18 99
131255.0  48536.92 99
131256.0  48535.02 99
131257.0  48534.47 99
131258.0  48534.57 99
131259.0  48535.97 99
131300.0  48538.11 99
131301.0  48537.13 99
131302.0  48536.78 99
131303.0  48534.59 99
131304.0  48534.38 99
131305.0  48535.57 99
131306.0  48536.08 99
131307.0  48537.82 99
131308.0  48536.44 99
131309.0  48535.00 99
131310.0  48532.98 99
131311.0  48533.71 99
131312.0  48534.45 99
131313.0  48536.35 99
131314.0  48536.05 99
131315.0  48534.52 99
131316.0  48532.71 99
131317.0  48532.92 99
131318.0  48534.88 99
131319.0  48536.90 99
131320.0  48538.41 99
131321.0  48540.16 99
131322.0  48539.30 99
131323.0  48537.99 99
131324.0  48536.70 99
131325.0  48537.88 99
131326.0  48539.75 99
131327.0  48540.89 99
131328.0  48539.49 99
131329.0  48537.93 99
131330.0  48535.82 99
131331.0  48535.92 99
131332.0  48537.41 99
131333.0  48539.78 99
131334.0  48540.40 99
131335.0  48539.22 99
131336.0  48537.51 99
131337.0  48535.39 99
131338.0  48536.37 99
131339.0  48537.77 99
131340.0  48538.95 99
131341.0  48540.57 99
131342.0  48539.55 99
131343.0  48537.23 99
131344.0  48535.61 99
131345.0  48536.79 99
131346.0  48538.44 99
131347.0  48541.20 99
131348.0  48539.64 99
131349.0  48537.98 99
131350.0  48536.23 99
131351.0  48536.47 99
131352.0  48537.61 99
131353.0  48539.47 99
131354.0  48539.51 99
131355.0  48537.74 99
131356.0  48535.76 99
131357.0  48534.80 99
131358.0  48536.24 99
131359.0  48538.03 99
131400.0  48540.58 99
131401.0  48539.58 99
131402.0  48538.36 99
131403.0  48535.52 99
131404.0  48535.76 99
131405.0  48536.76 99
131406.0  48538.84 99
131407.0  48537.46 99
131408.0  48536.08 99
131409.0  48533.75 99
131410.0  48534.76 99
131411.0  48536.48 99
131412.0  48539.30 99
131413.0  48539.24 99
131414.0  48537.90 99
131415.0  48535.47 99
131416.0  48533.88 99
131417.0  48535.13 99
131418.0  48537.64 99
131419.0  48539.09 99
131420.0  48536.93 99
131421.0  48535.53 99
131422.0  48534.30 99
131423.0  48534.78 99
131424.0  48536.52 99
131425.0  48538.92 99
131426.0  48536.60 99
131427.0  48535.24 99
131428.0  48533.70 99
131429.0  48534.81 99
131430.0  48536.54 99
131431.0  48538.30 99
131432.0  48538.68 99
131433.0  48536.89 99
131434.0  48535.24 99
131435.0  48533.16 99
131436.0  48533.48 99
131437.0  48535.09 99
131438.0  48537.26 99
131439.0  48537.33 99
131440.0  48535.87 99
131441.0  48534.53 99
131442.0  48533.60 99
131443.0  48535.00 99
131444.0  48537.04 99
131445.0  48540.23 99
131446.0  48539.47 99
131447.0  48537.81 99
131448.0  48536.18 99
131449.0  48535.98 99
131450.0  48537.22 99
131451.0  48539.34 99
131452.0  48541.51 99
131453.0  48539.75 99
131454.0  48537.78 99
131455.0  48535.66 99
131456.0  48535.81 99
131457.0  48535.59 99
131458.0  48536.66 99
131459.0  48539.03 99
131500.0  48537.94 99
131501.0  48536.48 99
131502.0  48534.33 99
131503.0  48536.09 99
131504.0  48537.05 99
131505.0  48538.52 99
131506.0  48538.72 99
131507.0  48537.79 99
131508.0  48536.71 99
131509.0  48535.06 99
131510.0  48536.48 99
131511.0  48538.19 99
131512.0  48541.04 99
131513.0  48539.72 99
131514.0  48538.08 99
131515.0  48535.69 99
131516.0  48534.61 99
131517.0  48535.60 99
131518.0  48537.95 99
131519.0  48539.19 99
131520.0  48537.92 99
131521.0  48536.41 99
131522.0  48535.02 99
131523.0  48536.35 99
131524.0  48537.11 99
131525.0  48539.18 99
131526.0  48539.04 99
131527.0  48537.76 99
131528.0  48535.41 99
131529.0  48534.48 99
131530.0  48535.73 99
131531.0  48536.16 99
131532.0  48537.78 99
131533.0  48538.41 99
131534.0  48536.71 99
131535.0  48535.75 99
131536.0  48532.76 99
131537.0  48533.76 99
131538.0  48535.59 99
131539.0  48536.69 99
131540.0  48535.75 99
131541.0  48534.58 99
131542.0  48532.22 99
131543.0  48530.84 99
131544.0  48530.73 99
131545.0  48531.46 99
131546.0  48534.97 99
131547.0  48533.81 99
131548.0  48533.34 99
131549.0  48532.76 99
131550.0  48532.79 99
131551.0  48534.71 99
131552.0  48536.20 99
131553.0  48537.70 99
131554.0  48539.45 99
131555.0  48538.64 99
131556.0  48537.14 99
131557.0  48534.58 99
131558.0  48535.33 99
131559.0  48536.03 99
131600.0  48538.14 99
131601.0  48538.24 99
131602.0  48537.61 99
131603.0  48537.19 99
131604.0  48536.72 99
131605.0  48538.23 99
131606.0  48539.56 99
131607.0  48541.35 99
131608.0  48540.04 99
131609.0  48538.12 99
131610.0  48536.05 99
131611.0  48534.58 99
131612.0  48535.14 99
131613.0  48536.46 99
131614.0  48540.10 99
131615.0  48539.20 99
131616.0  48538.19 99
131617.0  48536.67 99
131618.0  48535.53 99
131619.0  48535.82 99
131620.0  48536.43 99
131621.0  48538.14 99
131622.0  48536.65 99
131623.0  48534.94 99
131624.0  48532.98 99
131625.0  48533.30 99
131626.0  48534.65 99
131627.0  48536.45 99
131628.0  48537.80 99
131629.0  48537.51 99
131630.0  48536.60 99
131631.0  48534.72 99
131632.0  48534.53 99
131633.0  48535.42 99
131634.0  48536.51 99
131635.0  48539.18 99
131636.0  48537.83 99
131637.0  48535.81 99
131638.0  48533.97 99
131639.0  48535.01 99
131640.0  48536.22 99
131641.0  48538.04 99
131642.0  48539.90 99
131643.0  48539.01 99
131644.0  48538.41 99
131645.0  48536.15 99
131646.0  48537.30 99
131647.0  48538.80 99
131648.0  48540.92 99
131649.0  48540.86 99
131650.0  48539.49 99
131651.0  48537.21 99
131652.0  48536.49 99
131653.0  48537.94 99
131654.0  48540.11 99
131655.0  48541.05 99
131656.0  48539.19 99
131657.0  48537.09 99
131658.0  48534.83 99
131659.0  48533.80 99
131700.0  48534.36 99
131701.0  48536.10 99
131702.0  48537.51 99
131703.0  48536.47 99
131704.0  48534.94 99
131705.0  48533.27 99
131706.0  48534.48 99
131707.0  48535.76 99
131708.0  48537.75 99
131709.0  48537.29 99
131710.0  48535.65 99
131711.0  48535.06 99
131712.0  48534.02 99
131713.0  48535.36 99
131714.0  48536.15 99
131715.0  48537.90 99
131716.0  48539.74 99
131717.0  48538.91 99
131718.0  48537.64 99
131719.0  48536.22 99
131720.0  48535.23 99
131721.0  48536.09 99
131722.0  48538.67 99
131723.0  48540.75 99
131724.0  48539.55 99
131725.0  48537.68 99
131726.0  48534.84 99
131727.0  48535.36 99
131728.0  48537.39 99
131729.0  48539.06 99
131730.0  48540.19 99
131731.0  48539.34 99
131732.0  48538.17 99
131733.0  48536.53 99
131734.0  48537.11 99
131735.0  48537.46 99
131736.0  48540.12 99
131737.0  48540.26 99
131738.0  48539.38 99
131739.0  48537.19 99
131740.0  48535.56 99
131741.0  48536.07 99
131742.0  48536.92 99
131743.0  48538.32 99
131744.0  48536.32 99
131745.0  48534.82 99
131746.0  48532.69 99
131747.0  48532.93 99
131748.0  48533.59 99
131749.0  48535.68 99
131750.0  48537.63 99
131751.0  48536.64 99
131752.0  48535.44 99
131753.0  48534.22 99
131754.0  48535.99 99
131755.0  48538.30 99
131756.0  48540.57 99
131757.0  48538.66 99
131758.0  48537.45 99
131759.0  48535.75 99
131800.0  48535.68 99
131801.0  48537.03 99
131802.0  48539.16 99
131803.0  48541.40 99
131804.0  48539.42 99
131805.0  48537.31 99
131806.0  48535.07 99
131807.0  48535.62 99
131808.0  48536.19 99
131809.0  48537.41 99
131810.0  48537.51 99
131811.0  48536.81 99
131812.0  48534.80 99
131813.0  48533.87 99
131814.0  48535.73 99
131815.0  48536.64 99
131816.0  48537.89 99
131817.0  48535.84 99
131818.0  48534.56 99
131819.0  48532.32 99
131820.0  48534.38 99
131821.0  48535.34 99
131822.0  48537.89 99
131823.0  48536.32 99
131824.0  48535.64 99
131825.0  48533.73 99
131826.0  48533.75 99
131827.0  48534.67 99
131828.0  48535.25 99
131829.0  48537.37 99
131830.0  48536.59 99
131831.0  48536.30 99
131832.0  48535.10 99
131833.0  48534.61 99
131834.0  48535.21 99
131835.0  48537.38 99
131836.0  48539.17 99
131837.0  48537.94 99
131838.0  48536.21 99
131839.0  48533.67 99
131840.0  48535.57 99
131841.0  48537.57 99
131842.0  48539.42 99
131843.0  48538.48 99
131844.0  48537.46 99
131845.0  48535.51 99
131846.0  48536.29 99
131847.0  48537.80 99
131848.0  48539.70 99
131849.0  48540.10 99
131850.0  48538.48 99
131851.0  48536.38 99
131852.0  48533.96 99
131853.0  48534.72 99
131854.0  48535.75 99
131855.0  48537.10 99
131856.0  48536.70 99
131857.0  48535.33 99
131858.0  48533.15 99
131859.0  48533.00 99
131900.0  48534.58 99
131901.0  48535.73 99
131902.0  48538.13 99
131903.0  48536.92 99
131904.0  48534.72 99
131905.0  48533.17 99
131906.0  48532.56 99
131907.0  48534.16 99
131908.0  48536.19 99
131909.0  48538.87 99
131910.0  48537.60 99
131911.0  48535.94 99
131912.0  48533.21 99
131913.0  48534.56 99
131914.0  48535.31 99
131915.0  48536.24 99
131916.0  48535.48 99
131917.0  48535.10 99
131918.0  48534.18 99
131919.0  48532.60 99
131920.0  48533.67 99
131921.0  48534.96 99
131922.0  48537.42 99
131923.0  48536.22 99
131924.0  48534.12 99
131925.0  48531.57 99
131926.0  48532.75 99
131927.0  48534.80 99
131928.0  48537.56 99
131929.0  48536.35 99
131930.0  48534.72 99
131931.0  48531.86 99
131932.0  48532.41 99
131933.0  48533.05 99
131934.0  48536.10 99
131935.0  48535.50 99
131936.0  48536.33 99
131937.0  48536.09 99
131938.0  48535.70 99
131939.0  48536.79 99
131940.0  48538.00 99
131941.0  48541.55 99
131942.0  48541.26 99
131943.0  48540.15 99
131944.0  48537.78 99
131945.0  48538.81 99
131946.0  48539.38 99
131947.0  48540.38 99
131948.0  48540.39 99
131949.0  48538.73 99
131950.0  48536.07 99
131951.0  48534.18 99
131952.0  48534.92 99
131953.0  48535.93 99
131954.0  48537.59 99
131955.0  48538.15 99
131956.0  48536.46 99
131957.0  48534.22 99
131958.0  48533.03 99
131959.0  48533.86 99
132000.0  48534.92 99
132001.0  48538.02 99
132002.0  48537.92 99
132003.0  48536.55 99
132004.0  48535.89 99
132005.0  48533.93 99
132006.0  48535.97 99
132007.0  48538.65 99
132008.0  48542.27 99
132009.0  48540.45 99
132010.0  48538.77 99
132011.0  48536.55 99
132012.0  48537.63 99
132013.0  48537.93 99
132014.0  48540.20 99
132015.0  48539.34 99
132016.0  48538.04 99
132017.0  48536.90 99
132018.0  48534.84 99
132019.0  48535.58 99
132020.0  48537.26 99
132021.0  48539.69 99
132022.0  48538.95 99
132023.0  48537.39 99
132024.0  48534.97 99
132025.0  48534.70 99
132026.0  48534.92 99
132027.0  48534.69 99
132028.0  48536.95 99
132029.0  48535.41 99
132030.0  48533.30 99
132031.0  48531.79 99
132032.0  48531.45 99
132033.0  48532.04 99
132034.0  48532.65 99
132035.0  48535.78 99
132036.0  48533.97 99
132037.0  48532.37 99
132038.0  48530.63 99
132039.0  48530.53 99
132040.0  48532.23 99
132041.0  48534.31 99
132042.0  48535.69 99
132043.0  48535.73 99
132044.0  48534.25 99
132045.0  48532.65 99
132046.0  48533.78 99
132047.0  48535.31 99
132048.0  48537.63 99
132049.0  48538.87 99
132050.0  48537.77 99
132051.0  48535.69 99
132052.0  48533.51 99
132053.0  48534.02 99
132054.0  48534.99 99
132055.0  48538.20 99
132056.0  48538.55 99
132057.0  48537.55 99
132058.0  48536.45 99
132059.0  48533.87 99
132100.0  48534.46 99
132101.0  48536.38 99
132102.0  48537.26 99
132103.0  48539.29 99
132104.0  48537.62 99
132105.0  48535.98 99
132106.0  48533.92 99
132107.0  48535.82 99
132108.0  48537.26 99
132109.0  48538.72 99
132110.0  48537.00 99
132111.0  48534.88 99
132112.0  48533.06 99
132113.0  48534.65 99
132114.0  48536.88 99
132115.0  48538.79 99
132116.0  48538.04 99
132117.0  48536.56 99
132118.0  48534.56 99
132119.0  48534.71 99
132120.0  48535.34 99
132121.0  48537.42 99
132122.0  48537.97 99
132123.0  48536.55 99
132124.0  48534.68 99
132125.0  48532.87 99
132126.0  48534.16 99
132127.0  48535.70 99
132128.0  48537.15 99
132129.0  48538.47 99
132130.0  48536.77 99
132131.0  48535.81 99
132132.0  48533.87 99
132133.0  48534.45 99
132134.0  48535.79 99
132135.0  48537.07 99
132136.0  48537.48 99
132137.0  48535.70 99
132138.0  48535.02 99
132139.0  48533.71 99
132140.0  48535.68 99
132141.0  48537.97 99
132142.0  48539.43 99
132143.0  48537.31 99
132144.0  48535.65 99
132145.0  48533.58 99
132146.0  48534.26 99
132147.0  48536.14 99
132148.0  48538.24 99
132149.0  48537.35 99
132150.0  48536.62 99
132151.0  48534.06 99
132152.0  48534.44 99
132153.0  48534.95 99
132154.0  48536.79 99
132155.0  48538.03 99
132156.0  48537.23 99
132157.0  48536.77 99
132158.0  48534.95 99
132159.0  48536.33 99
132200.0  48538.48 99
132201.0  48539.69 99
132202.0  48537.57 99
132203.0  48535.95 99
132204.0  48535.00 99
132205.0  48535.31 99
132206.0  48536.83 99
132207.0  48537.99 99
132208.0  48537.89 99
132209.0  48535.57 99
132210.0  48534.16 99
132211.0  48531.81 99
132212.0  48532.48 99
132213.0  48534.83 99
132214.0  48537.20 99
132215.0  48536.18 99
132216.0  48534.72 99
132217.0  48533.68 99
132218.0  48534.25 99
132219.0  48534.68 99
132220.0  48535.61 99
132221.0  48537.36 99
132222.0  48536.37 99
132223.0  48534.86 99
132224.0  48533.27 99
132225.0  48534.35 99
132226.0  48536.39 99
132227.0  48536.91 99
132228.0  48539.06 99
132229.0  48537.53 99
132230.0  48535.77 99
132231.0  48533.02 99
132232.0  48533.63 99
132233.0  48535.32 99
132234.0  48538.94 99
132235.0  48538.22 99
132236.0  48536.21 99
132237.0  48534.21 99
132238.0  48535.28 99
132239.0  48536.31 99
132240.0  48537.00 99
132241.0  48538.24 99
132242.0  48537.02 99
132243.0  48535.32 99
132244.0  48533.66 99
132245.0  48531.69 99
132246.0  48533.27 99
132247.0  48535.92 99
132248.0  48538.45 99
132249.0  48539.31 99
132250.0  48538.37 99
132251.0  48536.01 99
132252.0  48534.26 99
132253.0  48534.78 99
132254.0  48536.00 99
132255.0  48537.23 99
132256.0  48538.93 99
132257.0  48538.02 99
132258.0  48536.70 99
132259.0  48534.93 99
132300.0  48535.91 99
132301.0  48537.53 99
132302.0  48538.48 99
132303.0  48539.28 99
132304.0  48537.91 99
132305.0  48536.29 99
132306.0  48534.42 99
132307.0  48534.54 99
132308.0  48536.21 99
132309.0  48538.37 99
132310.0  48540.30 99
132311.0  48538.91 99
132312.0  48537.65 99
132313.0  48535.31 99
132314.0  48535.76 99
132315.0  48536.70 99
132316.0  48536.70 99
132317.0  48539.42 99
132318.0  48537.91 99
132319.0  48535.68 99
132320.0  48533.24 99
132321.0  48533.21 99
132322.0  48534.40 99
132323.0  48536.00 99
132324.0  48537.66 99
132325.0  48536.07 99
132326.0  48533.79 99
132327.0  48531.73 99
132328.0  48532.83 99
132329.0  48534.18 99
132330.0  48536.62 99
132331.0  48535.95 99
132332.0  48534.24 99
132333.0  48531.65 99
132334.0  48531.70 99
132335.0  48533.55 99
132336.0  48534.12 99
132337.0  48535.46 99
132338.0  48534.76 99
132339.0  48533.12 99
132340.0  48530.90 99
132341.0  48531.82 99
132342.0  48533.93 99
132343.0  48536.60 99
132344.0  48536.47 99
132345.0  48535.43 99
132346.0  48533.55 99
132347.0  48533.75 99
132348.0  48535.98 99
132349.0  48537.23 99
132350.0  48538.58 99
132351.0  48537.26 99
132352.0  48534.84 99
132353.0  48533.95 99
132354.0  48534.92 99
132355.0  48537.34 99
132356.0  48538.62 99
132357.0  48537.11 99
132358.0  48535.29 99
132359.0  48533.31 99
132400.0  48534.93 99
132401.0  48536.23 99
132402.0  48537.60 99
132403.0  48538.11 99
132404.0  48536.55 99
132405.0  48534.22 99
132406.0  48532.60 99
132407.0  48533.87 99
132408.0  48534.48 99
132409.0  48536.69 99
132410.0  48537.46 99
132411.0  48536.48 99
132412.0  48535.27 99
132413.0  48533.62 99
132414.0  48534.92 99
132415.0  48536.24 99
132416.0  48538.13 99
132417.0  48536.17 99
132418.0  48534.61 99
132419.0  48533.49 99
132420.0  48534.86 99
132421.0  48535.27 99
132422.0  48537.19 99
132423.0  48537.42 99
132424.0  48536.08 99
132425.0  48534.12 99
132426.0  48533.15 99
132427.0  48534.40 99
132428.0  48535.78 99
132429.0  48537.90 99
132430.0  48537.22 99
132431.0  48535.93 99
132432.0  48532.83 99
132433.0  48533.60 99
132434.0  48535.21 99
132435.0  48536.92 99
132436.0  48537.56 99
132437.0  48537.41 99
132438.0  48536.27 99
132439.0  48533.70 99
132440.0  48534.21 99
132441.0  48535.32 99
132442.0  48538.15 99
132443.0  48539.26 99
132444.0  48537.64 99
132445.0  48536.05 99
132446.0  48533.70 99
132447.0  48533.87 99
132448.0  48534.36 99
132449.0  48536.10 99
132450.0  48535.37 99
132451.0  48534.08 99
132452.0  48532.11 99
132453.0  48531.10 99
132454.0  48532.41 99
132455.0  48533.19 99
132456.0  48535.36 99
132457.0  48536.49 99
132458.0  48535.31 99
132459.0  48532.64 99
132500.0  48531.52 99
132501.0  48531.90 99
132502.0  48533.93 99
132503.0  48536.14 99
132504.0  48534.21 99
132505.0  48532.66 99
132506.0  48531.38 99
132507.0  48531.83 99
132508.0  48533.41 99
132509.0  48534.04 99
132510.0  48536.41 99
132511.0  48536.03 99
132512.0  48534.54 99
132513.0  48532.78 99
132514.0  48532.43 99
132515.0  48533.95 99
132516.0  48535.70 99
132517.0  48538.35 99
132518.0  48536.92 99
132519.0  48535.76 99
132520.0  48533.07 99
132521.0  48533.08 99
132522.0  48532.87 99
132523.0  48532.95 99
132524.0  48535.49 99
132525.0  48535.76 99
132526.0  48534.51 99
132527.0  48534.14 99
132528.0  48532.60 99
132529.0  48533.55 99
132530.0  48534.90 99
132531.0  48536.70 99
132532.0  48535.90 99
132533.0  48534.62 99
132534.0  48532.60 99
132535.0  48532.73 99
132536.0  48534.16 99
132537.0  48535.67 99
132538.0  48537.88 99
132539.0  48536.33 99
132540.0  48535.54 99
132541.0  48534.46 99
132542.0  48533.95 99
132543.0  48535.02 99
132544.0  48537.60 99
132545.0  48536.79 99
132546.0  48534.68 99
132547.0  48532.99 99
132548.0  48532.11 99
132549.0  48533.82 99
132550.0  48535.63 99
132551.0  48537.62 99
132552.0  48536.04 99
132553.0  48534.33 99
132554.0  48532.30 99
132555.0  48533.14 99
132556.0  48533.90 99
132557.0  48535.41 99
132558.0  48535.67 99
132559.0  48534.93 99
132600.0  48532.82 99
132601.0  48531.72 99
132602.0  48533.80 99
132603.0  48535.29 99
132604.0  48536.69 99
132605.0  48537.30 99
132606.0  48536.03 99
132607.0  48534.54 99
132608.0  48532.25 99
132609.0  48531.92 99
132610.0  48532.68 99
132611.0  48534.86 99
132612.0  48534.31 99
132613.0  48533.11 99
132614.0  48531.04 99
132615.0  48530.96 99
132616.0  48532.33 99
132617.0  48534.31 99
132618.0  48533.50 99
132619.0  48533.40 99
132620.0  48532.23 99
132621.0  48531.18 99
132622.0  48532.54 99
132623.0  48534.66 99
132624.0  48537.38 99
132625.0  48536.84 99
132626.0  48535.63 99
132627.0  48533.56 99
132628.0  48534.21 99
132629.0  48535.31 99
132630.0  48536.99 99
132631.0  48536.90 99
132632.0  48536.50 99
132633.0  48535.95 99
132634.0  48534.40 99
132635.0  48534.99 99
132636.0  48536.99 99
132637.0  48539.65 99
132638.0  48540.74 99
132639.0  48538.96 99
132640.0  48536.81 99
132641.0  48534.07 99
132642.0  48535.04 99
132643.0  48536.41 99
132644.0  48538.99 99
132645.0  48537.94 99
132646.0  48536.98 99
132647.0  48534.97 99
132648.0  48535.90 99
132649.0  48536.26 99
132650.0  48538.50 99
132651.0  48538.49 99
132652.0  48537.31 99
132653.0  48534.79 99
132654.0  48532.12 99
132655.0  48532.71 99
132656.0  48533.74 99
132657.0  48535.80 99
132658.0  48535.47 99
132659.0  48533.94 99
132700.0  48531.41 99
132701.0  48530.65 99
132702.0  48531.33 99
132703.0  48533.11 99
132704.0  48533.90 99
132705.0  48532.86 99
132706.0  48532.30 99
132707.0  48530.55 99
132708.0  48531.95 99
132709.0  48533.83 99
132710.0  48534.84 99
132711.0  48536.87 99
132712.0  48535.76 99
132713.0  48533.73 99
132714.0  48531.36 99
132715.0  48532.08 99
132716.0  48533.52 99
132717.0  48536.18 99
132718.0  48534.43 99
132719.0  48532.26 99
132720.0  48530.40 99
132721.0  48529.97 99
132722.0  48531.79 99
132723.0  48533.62 99
132724.0  48536.29 99
132725.0  48534.49 99
132726.0  48533.10 99
132727.0  48530.92 99
132728.0  48530.12 99
132729.0  48530.80 99
132730.0  48532.80 99
132731.0  48533.88 99
132732.0  48532.37 99
132733.0  48530.90 99
132734.0  48529.69 99
132735.0  48530.62 99
132736.0  48532.29 99
132737.0  48535.24 99
132738.0  48535.17 99
132739.0  48534.74 99
132740.0  48533.48 99
132741.0  48532.63 99
132742.0  48533.77 99
132743.0  48535.37 99
132744.0  48538.07 99
132745.0  48536.77 99
132746.0  48535.90 99
132747.0  48536.16 99
132748.0  48536.10 99
132749.0  48536.61 99
132750.0  48537.06 99
132751.0  48537.57 99
132752.0  48538.29 99
132753.0  48537.63 99
132754.0  48535.95 99
132755.0  48535.11 99
132756.0  48536.74 99
132757.0  48538.14 99
132758.0  48540.21 99
132759.0  48537.94 99
132800.0  48536.28 99
132801.0  48533.89 99
132802.0  48534.64 99
132803.0  48536.30 99
132804.0  48537.75 99
132805.0  48540.31 99
132806.0  48538.61 99
132807.0  48536.96 99
132808.0  48534.10 99
132809.0  48534.37 99
132810.0  48535.48 99
132811.0  48536.84 99
132812.0  48537.53 99
132813.0  48536.37 99
132814.0  48533.92 99
132815.0  48532.17 99
132816.0  48532.71 99
132817.0  48533.49 99
132818.0  48534.66 99
132819.0  48534.90 99
132820.0  48533.85 99
132821.0  48532.65 99
132822.0  48530.91 99
132823.0  48531.52 99
132824.0  48532.53 99
132825.0  48534.62 99
132826.0  48534.35 99
132827.0  48533.51 99
132828.0  48531.37 99
132829.0  48530.74 99
132830.0  48532.15 99
132831.0  48532.28 99
132832.0  48533.82 99
132833.0  48535.33 99
132834.0  48534.81 99
132835.0  48533.85 99
132836.0  48532.03 99
132837.0  48531.75 99
132838.0  48532.62 99
132839.0  48533.22 99
132840.0  48535.83 99
132841.0  48534.60 99
132842.0  48533.50 99
132843.0  48532.23 99
132844.0  48531.85 99
132845.0  48532.92 99
132846.0  48535.00 99
132847.0  48536.84 99
132848.0  48535.90 99
132849.0  48534.36 99
132850.0  48532.50 99
132851.0  48533.04 99
132852.0  48534.51 99
132853.0  48537.88 99
132854.0  48537.12 99
132855.0  48535.89 99
132856.0  48534.00 99
132857.0  48532.27 99
132858.0  48533.29 99
132859.0  48535.25 99
132900.0  48536.99 99
132901.0  48535.95 99
132902.0  48534.84 99
132903.0  48533.47 99
132904.0  48534.04 99
132905.0  48534.55 99
132906.0  48536.81 99
132907.0  48536.71 99
132908.0  48535.47 99
132909.0  48534.62 99
132910.0  48532.48 99
132911.0  48533.02 99
132912.0  48534.20 99
132913.0  48536.26 99
132914.0  48538.56 99
132915.0  48537.28 99
132916.0  48534.98 99
132917.0  48532.44 99
132918.0  48533.01 99
132919.0  48534.27 99
132920.0  48536.55 99
132921.0  48537.75 99
132922.0  48536.73 99
132923.0  48535.48 99
132924.0  48533.87 99
132925.0  48534.82 99
132926.0  48536.23 99
132927.0  48538.14 99
132928.0  48536.01 99
132929.0  48533.92 99
132930.0  48532.02 99
132931.0  48530.83 99
132932.0  48531.65 99
132933.0  48533.64 99
132934.0  48537.00 99
132935.0  48536.13 99
132936.0  48535.04 99
132937.0  48533.92 99
132938.0  48535.11 99
132939.0  48536.08 99
132940.0  48537.28 99
132941.0  48539.20 99
132942.0  48537.70 99
132943.0  48535.96 99
132944.0  48533.57 99
132945.0  48533.69 99
132946.0  48534.50 99
132947.0  48536.21 99
132948.0  48537.77 99
132949.0  48536.28 99
132950.0  48534.25 99
132951.0  48531.85 99
132952.0  48532.75 99
132953.0  48534.20 99
132954.0  48536.72 99
132955.0  48536.05 99
132956.0  48534.97 99
132957.0  48532.70 99
132958.0  48533.06 99
132959.0  48534.28 99
133000.0  48536.52 99
133001.0  48538.00 99
133002.0  48536.28 99
133003.0  48534.31 99
133004.0  48532.85 99
133005.0  48533.90 99
133006.0  48535.85 99
133007.0  48537.80 99
133008.0  48535.99 99
133009.0  48534.56 99
133010.0  48533.32 99
133011.0  48535.37 99
133012.0  48538.06 99
133013.0  48539.29 99
133014.0  48538.02 99
133015.0  48536.45 99
133016.0  48534.52 99
133017.0  48534.66 99
133018.0  48535.08 99
133019.0  48536.94 99
133020.0  48536.85 99
133021.0  48535.95 99
133022.0  48534.74 99
133023.0  48534.56 99
133024.0  48535.84 99
133025.0  48537.63 99
133026.0  48539.62 99
133027.0  48537.66 99
133028.0  48535.66 99
133029.0  48533.99 99
133030.0  48533.51 99
133031.0  48533.90 99
133032.0  48535.51 99
133033.0  48537.70 99
133034.0  48536.08 99
133035.0  48534.92 99
133036.0  48531.88 99
133037.0  48532.64 99
133038.0  48533.93 99
133039.0  48534.43 99
133040.0  48536.53 99
133041.0  48536.87 99
133042.0  48535.35 99
133043.0  48533.41 99
133044.0  48532.04 99
133045.0  48532.73 99
133046.0  48533.84 99
133047.0  48536.35 99
133048.0  48534.42 99
133049.0  48532.34 99
133050.0  48530.51 99
133051.0  48531.23 99
133052.0  48532.23 99
133053.0  48535.71 99
133054.0  48534.59 99
133055.0  48533.34 99
133056.0  48531.37 99
133057.0  48532.19 99
133058.0  48533.42 99
133059.0  48534.98 99
133100.0  48536.12 99
133101.0  48535.40 99
133102.0  48533.65 99
133103.0  48531.29 99
133104.0  48532.60 99
133105.0  48533.83 99
133106.0  48536.17 99
133107.0  48535.57 99
133108.0  48535.46 99
133109.0  48535.23 99
133110.0  48534.66 99
133111.0  48535.04 99
133112.0  48535.79 99
133113.0  48536.98 99
133114.0  48538.42 99
133115.0  48536.99 99
133116.0  48535.68 99
133117.0  48533.92 99
133118.0  48534.17 99
133119.0  48535.14 99
133120.0  48536.22 99
133121.0  48537.03 99
133122.0  48536.14 99
133123.0  48535.11 99
133124.0  48533.54 99
133125.0  48532.93 99
133126.0  48534.07 99
133127.0  48536.48 99
133128.0  48538.40 99
133129.0  48537.36 99
133130.0  48536.05 99
133131.0  48534.47 99
133132.0  48535.64 99
133133.0  48536.96 99
133134.0  48538.61 99
133135.0  48538.80 99
133136.0  48537.92 99
133137.0  48537.19 99
133138.0  48536.22 99
133139.0  48537.39 99
133140.0  48538.38 99
133141.0  48538.61 99
133142.0  48540.66 99
133143.0  48539.34 99
133144.0  48538.00 99
133145.0  48535.38 99
133146.0  48533.87 99
133147.0  48533.91 99
133148.0  48534.54 99
133149.0  48536.14 99
133150.0  48536.31 99
133151.0  48534.77 99
133152.0  48531.47 99
133153.0  48530.29 99
133154.0  48531.19 99
133155.0  48532.36 99
133156.0  48533.94 99
133157.0  48532.34 99
133158.0  48531.62 99
133159.0  48530.33 99
133200.0  48530.79 99
133201.0  48531.85 99
133202.0  48535.38 99
133203.0  48536.17 99
133204.0  48536.13 99
133205.0  48534.33 99
133206.0  48534.18 99
133207.0  48536.02 99
133208.0  48537.84 99
133209.0  48540.19 99
133210.0  48538.14 99
133211.0  48536.27 99
133212.0  48533.96 99
133213.0  48534.65 99
133214.0  48535.82 99
133215.0  48535.94 99
133216.0  48536.09 99
133217.0  48534.19 99
133218.0  48533.52 99
133219.0  48532.91 99
133220.0  48534.35 99
133221.0  48536.15 99
133222.0  48538.84 99
133223.0  48537.04 99
133224.0  48535.39 99
133225.0  48533.25 99
133226.0  48533.94 99
133227.0  48535.01 99
133228.0  48537.12 99
133229.0  48536.46 99
133230.0  48534.62 99
133231.0  48532.46 99
133232.0  48530.54 99
133233.0  48532.50 99
133234.0  48535.13 99
133235.0  48537.71 99
133236.0  48537.64 99
133237.0  48536.27 99
133238.0  48535.07 99
133239.0  48534.01 99
133240.0  48534.98 99
133241.0  48536.07 99
133242.0  48538.43 99
133243.0  48537.21 99
133244.0  48537.21 99
133245.0  48535.74 99
133246.0  48536.48 99
133247.0  48537.57 99
133248.0  48538.34 99
133249.0  48540.18 99
133250.0  48538.82 99
133251.0  48536.99 99
133252.0  48535.43 99
133253.0  48535.01 99
133254.0  48535.77 99
133255.0  48536.39 99
133256.0  48538.39 99
133257.0  48539.25 99
133258.0  48537.39 99
133259.0  48535.92 99
133300.0  48534.43 99
133301.0  48535.49 99
133302.0  48536.53 99
133303.0  48538.75 99
133304.0  48538.59 99
133305.0  48537.95 99
133306.0  48536.41 99
133307.0  48534.76 99
133308.0  48535.67 99
133309.0  48537.33 99
133310.0  48539.00 99
133311.0  48538.99 99
133312.0  48537.43 99
133313.0  48534.64 99
133314.0  48534.35 99
133315.0  48535.05 99
133316.0  48535.65 99
133317.0  48536.83 99
133318.0  48534.82 99
133319.0  48532.89 99
133320.0  48530.80 99
133321.0  48531.98 99
133322.0  48533.18 99
133323.0  48536.13 99
133324.0  48535.32 99
133325.0  48534.28 99
133326.0  48533.85 99
133327.0  48533.87 99
133328.0  48534.90 99
133329.0  48535.69 99
133330.0  48537.76 99
133331.0  48535.75 99
133332.0  48533.59 99
133333.0  48532.53 99
133334.0  48531.82 99
133335.0  48532.60 99
133336.0  48533.21 99
133337.0  48535.23 99
133338.0  48535.59 99
133339.0  48535.03 99
133340.0  48533.27 99
133341.0  48532.24 99
133342.0  48532.93 99
133343.0  48534.28 99
133344.0  48536.08 99
133345.0  48534.92 99
133346.0  48533.71 99
133347.0  48532.07 99
133348.0  48531.88 99
133349.0  48532.79 99
133350.0  48534.43 99
133351.0  48537.52 99
133352.0  48535.80 99
133353.0  48534.31 99
133354.0  48532.90 99
133355.0  48533.17 99
133356.0  48533.87 99
133357.0  48536.47 99
133358.0  48535.66 99
133359.0  48534.02 99
133400.0  48532.62 99
133401.0  48531.18 99
133402.0  48532.04 99
133403.0  48533.31 99
133404.0  48535.35 99
133405.0  48536.79 99
133406.0  48535.98 99
133407.0  48533.97 99
133408.0  48531.47 99
133409.0  48532.54 99
133410.0  48533.49 99
133411.0  48535.65 99
133412.0  48535.15 99
133413.0  48534.40 99
133414.0  48533.54 99
133415.0  48533.26 99
133416.0  48534.68 99
133417.0  48535.85 99
133418.0  48538.24 99
133419.0  48536.39 99
133420.0  48534.79 99
133421.0  48532.89 99
133422.0  48534.65 99
133423.0  48536.70 99
133424.0  48539.70 99
133425.0  48538.87 99
133426.0  48537.38 99
133427.0  48536.45 99
133428.0  48534.54 99
133429.0  48535.53 99
133430.0  48537.04 99
133431.0  48539.81 99
133432.0  48537.51 99
133433.0  48536.00 99
133434.0  48534.35 99
133435.0  48533.09 99
133436.0  48533.91 99
133437.0  48535.04 99
133438.0  48538.13 99
133439.0  48536.81 99
133440.0  48535.84 99
133441.0  48534.34 99
133442.0  48533.28 99
133443.0  48533.31 99
133444.0  48534.28 99
133445.0  48536.52 99
133446.0  48535.14 99
133447.0  48533.44 99
133448.0  48531.64 99
133449.0  48530.77 99
133450.0  48531.40 99
133451.0  48531.95 99
133452.0  48532.68 99
133453.0  48533.91 99
133454.0  48533.05 99
133455.0  48531.52 99
133456.0  48530.63 99
133457.0  48532.05 99
133458.0  48534.01 99
133459.0  48535.96 99
133500.0  48535.37 99
